40 -1.25e-10 1.0125e-08 40 -1.25e-11 1.0125e-09
0 0 -79.2941
0 1 -79.7826
0 2 -80.3723
0 3 -81.0563
0 4 -81.8282
0 5 -82.682
0 6 -83.6119
0 7 -84.6126
0 8 -85.6788
0 9 -86.8058
0 10 -87.989
0 11 -89.2242
0 12 -90.5074
0 13 -91.8349
0 14 -93.2031
0 15 -94.6087
0 16 -96.0489
0 17 -97.5205
0 18 -99.021
0 19 -100.415
0 20 -98.8857
0 21 -99.7829
0 22 -100.725
0 23 -101.708
0 24 -102.73
0 25 -103.788
0 26 -104.88
0 27 -106.003
0 28 -107.154
0 29 -108.333
0 30 -109.537
0 31 -110.764
0 32 -112.012
0 33 -113.28
0 34 -114.567
0 35 -115.87
0 36 -117.188
0 37 -118.52
0 38 -119.865
0 39 -121.222
0 40 -122.59
1 0 -70.3961
1 1 -70.9687
1 2 -71.6429
1 3 -72.4115
1 4 -73.2681
1 5 -74.1468
1 6 -75.0949
1 7 -76.0801
1 8 -77.0852
1 9 -77.0532
1 10 -77.2873
1 11 -77.6106
1 12 -78.0197
1 13 -78.5102
1 14 -79.0776
1 15 -79.7174
1 16 -80.4248
1 17 -81.1957
1 18 -82.0257
1 19 -82.9108
1 20 -83.8473
1 21 -84.8316
1 22 -85.8602
1 23 -86.9301
1 24 -88.0383
1 25 -89.182
1 26 -90.3585
1 27 -91.5653
1 28 -92.8002
1 29 -94.061
1 30 -95.3457
1 31 -96.6523
1 32 -97.9792
1 33 -99.3244
1 34 -100.687
1 35 -102.064
1 36 -103.456
1 37 -104.86
1 38 -106.276
1 39 -107.702
1 40 -109.138
2 0 -62.5362
2 1 -62.9826
2 2 -63.4493
2 3 -63.8582
2 4 -63.4631
2 5 -63.2032
2 6 -63.0536
2 7 -63.0191
2 8 -63.0978
2 9 -63.2851
2 10 -63.5754
2 11 -63.9629
2 12 -64.4415
2 13 -65.0053
2 14 -65.6486
2 15 -66.3659
2 16 -67.1521
2 17 -68.0024
2 18 -68.912
2 19 -69.8768
2 20 -70.8926
2 21 -71.9557
2 22 -73.0625
2 23 -74.2098
2 24 -75.3944
2 25 -76.6135
2 26 -77.8643
2 27 -79.1444
2 28 -80.4512
2 29 -81.7829
2 30 -83.1372
2 31 -84.5121
2 32 -85.9057
2 33 -87.3164
2 34 -88.7425
2 35 -89.4928
2 36 -90.9147
2 37 -92.3492
2 38 -93.795
2 39 -95.2511
2 40 -96.7161
3 0 -53.6152
3 1 -52.9362
3 2 -52.2997
3 3 -51.7808
3 4 -51.3969
3 5 -51.15
3 6 -51.0375
3 7 -51.053
3 8 -51.1899
3 9 -51.4409
3 10 -51.7987
3 11 -52.2563
3 12 -52.8067
3 13 -53.4433
3 14 -54.1602
3 15 -54.951
3 16 -55.8107
3 17 -56.7341
3 18 -57.7164
3 19 -58.7531
3 20 -59.8399
3 21 -60.9731
3 22 -62.1489
3 23 -63.3639
3 24 -64.6153
3 25 -65.8997
3 26 -67.2145
3 27 -68.557
3 28 -69.3199
3 29 -70.6709
3 30 -72.0451
3 31 -73.4395
3 32 -74.8535
3 33 -76.285
3 34 -77.7322
3 35 -79.1936
3 36 -80.667
3 37 -82.1525
3 38 -83.6483
3 39 -85.1531
3 40 -86.6658
4 0 -43.3226
4 1 -42.5177
4 2 -41.8634
4 3 -41.3653
4 4 -41.0216
4 5 -40.8263
4 6 -40.7733
4 7 -40.8538
4 8 -41.059
4 9 -41.3804
4 10 -41.8098
4 11 -42.3392
4 12 -42.9615
4 13 -43.6695
4 14 -44.4569
4 15 -45.3176
4 16 -46.2458
4 17 -47.2365
4 18 -48.2846
4 19 -49.3858
4 20 -50.5356
4 21 -51.73
4 22 -52.4968
4 23 -53.7185
4 24 -54.9764
4 25 -56.2688
4 26 -57.5925
4 27 -58.9436
4 28 -60.3216
4 29 -61.7235
4 30 -63.1465
4 31 -64.5896
4 32 -66.0507
4 33 -67.5281
4 34 -69.0192
4 35 -70.5241
4 36 -72.0406
4 37 -73.5676
4 38 -75.1037
4 39 -76.6477
4 40 -78.1987
5 0 -34.3559
5 1 -33.5705
5 2 -32.9595
5 3 -32.5187
5 4 -32.24
5 5 -32.1142
5 6 -32.1318
5 7 -32.2832
5 8 -32.559
5 9 -32.9503
5 10 -33.4486
5 11 -34.0458
5 12 -34.7343
5 13 -35.5073
5 14 -36.358
5 15 -37.2803
5 16 -38.2686
5 17 -39.3175
5 18 -40.0509
5 19 -41.146
5 20 -42.2895
5 21 -43.48
5 22 -44.7117
5 23 -45.9828
5 24 -47.2888
5 25 -48.6278
5 26 -49.9967
5 27 -51.3919
5 28 -52.8126
5 29 -54.256
5 30 -55.7193
5 31 -57.2016
5 32 -58.7008
5 33 -60.2151
5 34 -61.7423
5 35 -63.2821
5 36 -64.8327
5 37 -66.3927
5 38 -67.9609
5 39 -69.5362
5 40 -71.1175
6 0 -26.7488
6 1 -26.0237
6 2 -25.4797
6 3 -25.1085
6 4 -24.9002
6 5 -24.8447
6 6 -24.9318
6 7 -25.1516
6 8 -25.4942
6 9 -25.9508
6 10 -26.5125
6 11 -27.1713
6 12 -27.9194
6 13 -28.7503
6 14 -29.6564
6 15 -30.3379
6 16 -31.3088
6 17 -32.3414
6 18 -33.4314
6 19 -34.5725
6 20 -35.7628
6 21 -36.9965
6 22 -38.2715
6 23 -39.5832
6 24 -40.9295
6 25 -42.3071
6 26 -43.7123
6 27 -45.1442
6 28 -46.5998
6 29 -48.0762
6 30 -49.5726
6 31 -51.0866
6 32 -52.6163
6 33 -54.1602
6 34 -55.716
6 35 -57.2837
6 36 -58.8612
6 37 -60.4473
6 38 -62.0407
6 39 -63.6404
6 40 -65.2457
7 0 -20.3928
7 1 -19.7378
7 2 -19.2651
7 3 -18.9649
7 4 -18.8265
7 5 -18.8394
7 6 -18.993
7 7 -19.2771
7 8 -19.682
7 9 -20.1982
7 10 -20.8175
7 11 -21.5317
7 12 -22.3325
7 13 -22.9525
7 14 -23.8332
7 15 -24.7844
7 16 -25.8005
7 17 -26.8771
7 18 -28.0077
7 19 -29.1898
7 20 -30.4174
7 21 -31.6888
7 22 -32.9986
7 23 -34.3449
7 24 -35.7235
7 25 -37.1325
7 26 -38.5688
7 27 -40.0293
7 28 -41.513
7 29 -43.0171
7 30 -44.5396
7 31 -46.0781
7 32 -47.6322
7 33 -49.1995
7 34 -50.7786
7 35 -52.3681
7 36 -53.9666
7 37 -55.573
7 38 -57.1863
7 39 -58.8051
7 40 -60.4288
8 0 -15.1461
8 1 -14.5637
8 2 -14.1626
8 3 -13.9321
8 4 -13.8612
8 5 -13.9391
8 6 -14.1551
8 7 -14.499
8 8 -14.961
8 9 -15.5315
8 10 -16.0708
8 11 -16.7553
8 12 -17.5249
8 13 -18.3741
8 14 -19.2975
8 15 -20.2893
8 16 -21.3442
8 17 -22.4578
8 18 -23.6235
8 19 -24.8394
8 20 -26.0993
8 21 -27.4015
8 22 -28.7406
8 23 -30.1149
8 24 -31.5209
8 25 -32.9548
8 26 -34.4156
8 27 -35.9003
8 28 -37.4059
8 29 -38.9316
8 30 -40.4749
8 31 -42.0337
8 32 -43.6067
8 33 -45.1919
8 34 -46.7884
8 35 -48.3948
8 36 -50.0098
8 37 -51.6318
8 38 -53.2601
8 39 -54.8937
8 40 -56.5314
9 0 -10.8774
9 1 -10.3671
9 2 -10.0357
9 3 -9.8722
9 4 -9.86539
9 5 -10.0044
9 6 -10.278
9 7 -10.6767
9 8 -11.1904
9 9 -11.6654
9 10 -12.3025
9 11 -13.0291
9 12 -13.8394
9 13 -14.7276
9 14 -15.688
9 15 -16.7149
9 16 -17.8031
9 17 -18.9475
9 18 -20.1443
9 19 -21.3874
9 20 -22.6751
9 21 -24.0018
9 22 -25.3658
9 23 -26.7631
9 24 -28.1899
9 25 -29.6453
9 26 -31.1258
9 27 -32.6284
9 28 -34.1524
9 29 -35.6951
9 30 -37.2544
9 31 -38.8283
9 32 -40.4161
9 33 -42.0158
9 34 -43.6255
9 35 -45.2447
9 36 -46.8718
9 37 -48.5058
9 38 -50.1454
9 39 -51.7897
9 40 -53.4373
10 0 -7.46966
10 1 -7.02934
10 2 -6.76477
10 3 -6.66476
10 4 -6.71813
10 5 -6.91372
10 6 -7.24084
10 7 -7.68884
10 8 -8.1013
10 9 -8.6838
10 10 -9.36024
10 11 -10.1246
10 12 -10.971
10 13 -11.8935
10 14 -12.8861
10 15 -13.9432
10 16 -15.0598
10 17 -16.2309
10 18 -17.4528
10 19 -18.7196
10 20 -20.0295
10 21 -21.3771
10 22 -22.7608
10 23 -24.1759
10 24 -25.6209
10 25 -27.0925
10 26 -28.5884
10 27 -30.1061
10 28 -31.6437
10 29 -33.1992
10 30 -34.7709
10 31 -36.3567
10 32 -37.9555
10 33 -39.5655
10 34 -41.1855
10 35 -42.814
10 36 -44.4499
10 37 -46.0922
10 38 -47.7398
10 39 -49.3915
10 40 -51.0467
11 0 -4.82018
11 1 -4.44686
11 2 -4.24568
11 3 -4.20541
11 4 -4.31465
11 5 -4.55988
11 6 -4.86937
11 7 -5.28754
11 8 -5.80836
11 9 -6.42846
11 10 -7.14072
11 11 -7.93893
11 12 -8.81735
11 13 -9.76962
11 14 -10.79
11 15 -11.8731
11 16 -13.0138
11 17 -14.2076
11 18 -15.4499
11 19 -16.7373
11 20 -18.0646
11 21 -19.4301
11 22 -20.8289
11 23 -22.2594
11 24 -23.7179
11 25 -25.2024
11 26 -26.7104
11 27 -28.2397
11 28 -29.7874
11 29 -31.3528
11 30 -32.9335
11 31 -34.528
11 32 -36.1349
11 33 -37.7525
11 34 -39.3791
11 35 -41.014
11 36 -42.6562
11 37 -44.3041
11 38 -45.957
11 39 -47.6138
11 40 -49.2736
12 0 -2.8394
12 1 -2.52966
12 2 -2.38822
12 3 -2.40325
12 4 -2.56452
12 5 -2.79946
12 6 -3.14639
12 7 -3.5999
12 8 -4.15721
12 9 -4.81106
12 10 -5.55544
12 11 -6.38373
12 12 -7.29013
12 13 -8.26835
12 14 -9.31274
12 15 -10.418
12 16 -11.5793
12 17 -12.792
12 18 -14.0519
12 19 -15.3554
12 20 -16.6975
12 21 -18.0767
12 22 -19.4882
12 23 -20.9304
12 24 -22.3996
12 25 -23.8941
12 26 -25.4109
12 27 -26.9484
12 28 -28.504
12 29 -30.0765
12 30 -31.6637
12 31 -33.264
12 32 -34.8762
12 33 -36.4986
12 34 -38.1299
12 35 -39.7691
12 36 -41.4149
12 37 -43.0663
12 38 -44.7222
12 39 -46.3819
12 40 -48.0442
13 0 -1.44935
13 1 -1.19963
13 2 -1.11398
13 3 -1.18102
13 4 -1.34019
13 5 -1.6105
13 6 -1.99153
13 7 -2.48022
13 8 -3.06952
13 9 -3.7544
13 10 -4.52765
13 11 -5.38287
13 12 -6.31379
13 13 -7.31455
13 14 -8.37962
13 15 -9.50385
13 16 -10.6825
13 17 -11.9111
13 18 -13.1856
13 19 -14.5014
13 20 -15.8563
13 21 -17.2459
13 22 -18.6675
13 23 -20.1186
13 24 -21.596
13 25 -23.0975
13 26 -24.621
13 27 -26.1643
13 28 -27.7255
13 29 -29.3025
13 30 -30.8938
13 31 -32.4979
13 32 -34.1133
13 33 -35.7387
13 34 -37.3725
13 35 -39.0138
13 36 -40.6615
13 37 -42.3145
13 38 -43.9718
13 39 -45.6325
13 40 -47.2957
14 0 -0.582271
14 1 -0.388966
14 2 -0.355249
14 3 -0.434317
14 4 -0.62323
14 5 -0.926058
14 6 -1.34032
14 7 -1.86054
14 8 -2.48048
14 9 -3.19319
14 10 -3.99214
14 11 -4.87088
14 12 -5.82327
14 13 -6.84357
14 14 -7.92652
14 15 -9.06671
14 16 -10.2603
14 17 -11.5013
14 18 -12.7879
14 19 -14.1142
14 20 -15.4786
14 21 -16.8764
14 22 -18.3056
14 23 -19.7633
14 24 -21.2465
14 25 -22.7533
14 26 -24.2812
14 27 -25.8282
14 28 -27.3926
14 29 -28.9724
14 30 -30.5662
14 31 -32.1722
14 32 -33.7891
14 33 -35.4156
14 34 -37.0503
14 35 -38.6921
14 36 -40.34
14 37 -41.993
14 38 -43.65
14 39 -45.3102
14 40 -46.9728
15 0 -0.179212
15 1 -0.0384571
15 2 -0.0319041
15 3 -0.13439
15 4 -0.354885
15 5 -0.689608
15 6 -1.13519
15 7 -1.68493
15 8 -2.33221
15 9 -3.07001
15 10 -3.89183
15 11 -4.79115
15 12 -5.76227
15 13 -6.79947
15 14 -7.89745
15 15 -9.05132
15 16 -10.2565
15 17 -11.5094
15 18 -12.8045
15 19 -14.1399
15 20 -15.511
15 21 -16.9155
15 22 -18.3501
15 23 -19.8123
15 24 -21.2995
15 25 -22.8095
15 26 -24.34
15 27 -25.8893
15 28 -27.4553
15 29 -29.0363
15 30 -30.6306
15 31 -32.237
15 32 -33.8533
15 33 -35.4795
15 34 -37.1137
15 35 -38.7548
15 36 -40.4017
15 37 -42.0533
15 38 -43.7088
15 39 -45.3673
15 40 -47.0279
16 0 -0.188235
16 1 -0.0969701
16 2 -0.100871
16 3 -0.233601
16 4 -0.485193
16 5 -0.851763
16 6 -1.32653
16 7 -1.90285
16 8 -2.5748
16 9 -3.33527
16 10 -4.17721
16 11 -5.09491
16 12 -6.08258
16 13 -7.13413
16 14 -8.24498
16 15 -9.41019
16 16 -10.6259
16 17 -11.8864
16 18 -13.1895
16 19 -14.531
16 20 -15.9078
16 21 -17.3167
16 22 -18.7551
16 23 -20.2202
16 24 -21.71
16 25 -23.2217
16 26 -24.7529
16 27 -26.3028
16 28 -27.8691
16 29 -29.4499
16 30 -31.0437
16 31 -32.6491
16 32 -34.2647
16 33 -35.8891
16 34 -37.5213
16 35 -39.1602
16 36 -40.8046
16 37 -42.4536
16 38 -44.1063
16 39 -45.7619
16 40 -47.4195
17 0 -0.562597
17 1 -0.484498
17 2 -0.526336
17 3 -0.690222
17 4 -0.972725
17 5 -1.36758
17 6 -1.86963
17 7 -2.47086
17 8 -3.16521
17 9 -3.94565
17 10 -4.80578
17 11 -5.73954
17 12 -6.74119
17 13 -7.80538
17 14 -8.92712
17 15 -10.1018
17 16 -11.3251
17 17 -12.593
17 18 -13.9018
17 19 -15.248
17 20 -16.6285
17 21 -18.0408
17 22 -19.4814
17 23 -20.9481
17 24 -22.4379
17 25 -23.9501
17 26 -25.4819
17 27 -27.0312
17 28 -28.5957
17 29 -30.1751
17 30 -31.7671
17 31 -33.3705
17 32 -34.9836
17 33 -36.6054
17 34 -38.2347
17 35 -39.8703
17 36 -41.5113
17 37 -43.1568
17 38 -44.8058
17 39 -46.4575
17 40 -48.1112
18 0 -1.25313
18 1 -1.20022
18 2 -1.27241
18 3 -1.46662
18 4 -1.77792
18 5 -2.2003
18 6 -2.72684
18 7 -3.3509
18 8 -4.06546
18 9 -4.86396
18 10 -5.74032
18 11 -6.68789
18 12 -7.70201
18 13 -8.77672
18 14 -9.90755
18 15 -11.0899
18 16 -12.3196
18 17 -13.5927
18 18 -14.9058
18 19 -16.2557
18 20 -17.6382
18 21 -19.0519
18 22 -20.4938
18 23 -21.9604
18 24 -23.4506
18 25 -24.9621
18 26 -26.4918
18 27 -28.0394
18 28 -29.6024
18 29 -31.1793
18 30 -32.7684
18 31 -34.3685
18 32 -35.9781
18 33 -37.5961
18 34 -39.2215
18 35 -40.853
18 36 -42.4897
18 37 -44.1307
18 38 -45.7752
18 39 -47.4222
18 40 -49.0711
19 0 -2.22621
19 1 -2.20347
19 2 -2.30597
19 3 -2.5293
19 4 -2.86801
19 5 -3.31555
19 6 -3.86507
19 7 -4.50961
19 8 -5.24244
19 9 -6.05708
19 10 -6.94734
19 11 -7.90737
19 12 -8.93184
19 13 -10.0157
19 14 -11.1541
19 15 -12.3427
19 16 -13.578
19 17 -14.8544
19 18 -16.1706
19 19 -17.5222
19 20 -18.906
19 21 -20.3204
19 22 -21.762
19 23 -23.2278
19 24 -24.7168
19 25 -26.2264
19 26 -27.7545
19 27 -29.2987
19 28 -30.8585
19 29 -32.432
19 30 -34.0174
19 31 -35.6134
19 32 -37.2188
19 33 -38.8323
19 34 -40.4529
19 35 -42.0796
19 36 -43.7113
19 37 -45.3471
19 38 -46.9862
19 39 -48.6279
19 40 -50.2713
20 0 -3.45868
20 1 -3.46587
20 2 -3.59758
20 3 -3.84874
20 4 -4.21311
20 5 -4.68398
20 6 -5.25446
20 7 -5.91768
20 8 -6.66698
20 9 -7.49613
20 10 -8.39878
20 11 -9.36942
20 12 -10.403
20 13 -11.4942
20 14 -12.6388
20 15 -13.8322
20 16 -15.071
20 17 -16.3504
20 18 -17.6684
20 19 -19.0207
20 20 -20.4055
20 21 -21.8195
20 22 -23.2594
20 23 -24.724
20 24 -26.2108
20 25 -27.7169
20 26 -29.2418
20 27 -30.7831
20 28 -32.3391
20 29 -33.9082
20 30 -35.489
20 31 -37.0801
20 32 -38.6804
20 33 -40.2887
20 34 -41.9039
20 35 -43.5249
20 36 -45.1509
20 37 -46.781
20 38 -48.4142
20 39 -50.0499
20 40 -51.6872
21 0 -4.92444
21 1 -4.96145
21 2 -5.1214
21 3 -5.39845
21 4 -5.7868
21 5 -6.27919
21 6 -6.86896
21 7 -7.5491
21 8 -8.31324
21 9 -9.15511
21 10 -10.0688
21 11 -11.0488
21 12 -12.09
21 13 -13.1876
21 14 -14.3375
21 15 -15.5344
21 16 -16.7757
21 17 -18.0571
21 18 -19.3759
21 19 -20.7282
21 20 -22.1122
21 21 -23.524
21 22 -24.9625
21 23 -26.4248
21 24 -27.9078
21 25 -29.4111
21 26 -30.9321
21 27 -32.4691
21 28 -34.0203
21 29 -35.5844
21 30 -37.1599
21 31 -38.7456
21 32 -40.3402
21 33 -41.9427
21 34 -43.5519
21 35 -45.1668
21 36 -46.7865
21 37 -48.4102
21 38 -50.037
21 39 -51.6662
21 40 -53.2969
22 0 -6.60112
22 1 -6.66656
22 2 -6.85339
22 3 -7.15518
22 4 -7.56589
22 5 -8.07822
22 6 -8.68555
22 7 -9.38116
22 8 -10.1587
22 9 -11.0119
22 10 -11.9352
22 11 -12.9233
22 12 -13.9717
22 13 -15.0737
22 14 -16.2267
22 15 -17.427
22 16 -18.6698
22 17 -19.9524
22 18 -21.2706
22 19 -22.6226
22 20 -24.0045
22 21 -25.4149
22 22 -26.8506
22 23 -28.3088
22 24 -29.7887
22 25 -31.2878
22 26 -32.8042
22 27 -34.3361
22 28 -35.8814
22 29 -37.44
22 30 -39.0099
22 31 -40.5897
22 32 -42.1783
22 33 -43.7744
22 34 -45.3771
22 35 -46.9854
22 36 -48.5984
22 37 -50.2153
22 38 -51.8352
22 39 -53.4574
22 40 -55.0812
23 0 -8.4835
23 1 -8.56092
23 2 -8.77305
23 3 -9.09817
23 4 -9.52955
23 5 -10.0604
23 6 -10.6838
23 7 -11.3935
23 8 -12.183
23 9 -13.0464
23 10 -13.978
23 11 -14.9734
23 12 -16.026
23 13 -17.1324
23 14 -18.2891
23 15 -19.4907
23 16 -20.7348
23 17 -22.0169
23 18 -23.3349
23 19 -24.6846
23 20 -26.0648
23 21 -27.4723
23 22 -28.9039
23 23 -30.3588
23 24 -31.8343
23 25 -33.3286
23 26 -34.839
23 27 -36.3655
23 28 -37.9058
23 29 -39.4584
23 30 -41.0219
23 31 -42.5951
23 32 -44.177
23 33 -45.7662
23 34 -47.362
23 35 -48.9632
23 36 -50.5691
23 37 -52.1788
23 38 -53.7914
23 39 -55.4063
23 40 -57.0227
24 0 -10.5204
24 1 -10.6378
24 2 -10.8721
24 3 -11.2169
24 4 -11.6595
24 5 -12.2073
24 6 -12.8456
24 7 -13.5679
24 8 -14.3681
24 9 -15.2405
24 10 -16.1799
24 11 -17.1802
24 12 -18.2373
24 13 -19.3477
24 14 -20.5057
24 15 -21.709
24 16 -22.9527
24 17 -24.2346
24 18 -25.5505
24 19 -26.8987
24 20 -28.2753
24 21 -29.6792
24 22 -31.1075
24 23 -32.5577
24 24 -34.0282
24 25 -35.5163
24 26 -37.0218
24 27 -38.5424
24 28 -40.0764
24 29 -41.6224
24 30 -43.1792
24 31 -44.7455
24 32 -46.3202
24 33 -47.9023
24 34 -49.4908
24 35 -51.0846
24 36 -52.683
24 37 -54.2851
24 38 -55.8901
24 39 -57.4974
24 40 -59.1061
25 0 -12.7123
25 1 -12.8546
25 2 -13.1115
25 3 -13.4706
25 4 -13.9392
25 5 -14.5027
25 6 -15.1544
25 7 -15.8882
25 8 -16.698
25 9 -17.5791
25 10 -18.5237
25 11 -19.529
25 12 -20.5905
25 13 -21.7026
25 14 -22.8621
25 15 -24.0657
25 16 -25.3086
25 17 -26.5891
25 18 -27.9034
25 19 -29.248
25 20 -30.6218
25 21 -32.0217
25 22 -33.4446
25 23 -34.89
25 24 -36.3552
25 25 -37.8383
25 26 -39.3376
25 27 -40.851
25 28 -42.3784
25 29 -43.9176
25 30 -45.4674
25 31 -47.0265
25 32 -48.5939
25 33 -50.1685
25 34 -51.7493
25 35 -53.3355
25 36 -54.9261
25 37 -56.5203
25 38 -58.1175
25 39 -59.7168
25 40 -61.3176
26 0 -15.0444
26 1 -15.2025
26 2 -15.4826
26 3 -15.8686
26 4 -16.3539
26 5 -16.9318
26 6 -17.5959
26 7 -18.3409
26 8 -19.1587
26 9 -20.0457
26 10 -20.9963
26 11 -22.0065
26 12 -23.0701
26 13 -24.1839
26 14 -25.3446
26 15 -26.5473
26 16 -27.7897
26 17 -29.0676
26 18 -30.3791
26 19 -31.7204
26 20 -33.0902
26 21 -34.4856
26 22 -35.9036
26 23 -37.3435
26 24 -38.8029
26 25 -40.2798
26 26 -41.7726
26 27 -43.2799
26 28 -44.8001
26 29 -46.332
26 30 -47.8743
26 31 -49.4258
26 32 -50.9855
26 33 -52.5523
26 34 -54.1252
26 35 -55.7033
26 36 -57.2859
26 37 -58.872
26 38 -60.461
26 39 -62.0522
26 40 -63.6449
27 0 -17.5035
27 1 -17.6857
27 2 -17.9859
27 3 -18.3896
27 4 -18.8903
27 5 -19.4815
27 6 -20.1569
27 7 -20.9109
27 8 -21.7368
27 9 -22.63
27 10 -23.5851
27 11 -24.5987
27 12 -25.6643
27 13 -26.7798
27 14 -27.9399
27 15 -29.1416
27 16 -30.3822
27 17 -31.6575
27 18 -32.9658
27 19 -34.304
27 20 -35.6691
27 21 -37.0592
27 22 -38.4718
27 23 -39.906
27 24 -41.3591
27 25 -42.8296
27 26 -44.3156
27 27 -45.8158
27 28 -47.3288
27 29 -48.8532
27 30 -50.3878
27 31 -51.9315
27 32 -53.4833
27 33 -55.042
27 34 -56.6068
27 35 -58.1768
27 36 -59.7511
27 37 -61.3289
27 38 -62.9096
27 39 -64.4924
27 40 -66.0768
28 0 -20.0774
28 1 -20.2822
28 2 -20.6012
28 3 -21.0217
28 4 -21.5366
28 5 -22.1411
28 6 -22.8262
28 7 -23.588
28 8 -24.4206
28 9 -25.3192
28 10 -26.2792
28 11 -27.2943
28 12 -28.3623
28 13 -29.4776
28 14 -30.637
28 15 -31.8379
28 16 -33.0756
28 17 -34.3485
28 18 -35.6526
28 19 -36.9864
28 20 -38.347
28 21 -39.7314
28 22 -41.1389
28 23 -42.5669
28 24 -44.0136
28 25 -45.4766
28 26 -46.9556
28 27 -48.4486
28 28 -49.9542
28 29 -51.471
28 30 -52.9978
28 31 -54.5335
28 32 -56.0771
28 33 -57.6276
28 34 -59.1841
28 35 -60.7457
28 36 -62.3115
28 37 -63.8809
28 38 -65.4531
28 39 -67.0274
28 40 -68.6032
29 0 -22.755
29 1 -22.9837
29 2 -23.3178
29 3 -23.7536
29 4 -24.283
29 5 -24.8972
29 6 -25.592
29 7 -26.3616
29 8 -27.2004
29 9 -28.1036
29 10 -29.0668
29 11 -30.0842
29 12 -31.1524
29 13 -32.2682
29 14 -33.4266
29 15 -34.6255
29 16 -35.8605
29 17 -37.1299
29 18 -38.4299
29 19 -39.759
29 20 -41.1145
29 21 -42.4932
29 22 -43.8947
29 23 -45.3163
29 24 -46.7562
29 25 -48.2122
29 26 -49.6839
29 27 -51.1694
29 28 -52.6672
29 29 -54.1761
29 30 -55.6948
29 31 -57.2224
29 32 -58.7577
29 33 -60.2998
29 34 -61.8477
29 35 -63.4008
29 36 -64.9581
29 37 -66.5188
29 38 -68.0824
29 39 -69.6481
29 40 -71.2152
30 0 -25.5224
30 1 -25.7724
30 2 -26.1258
30 3 -26.576
30 4 -27.1174
30 5 -27.7421
30 6 -28.4456
30 7 -29.2222
30 8 -30.0664
30 9 -30.9736
30 10 -31.9395
30 11 -32.9583
30 12 -34.0269
30 13 -35.142
30 14 -36.2989
30 15 -37.4954
30 16 -38.7277
30 17 -39.9931
30 18 -41.289
30 19 -42.613
30 20 -43.9622
30 21 -45.3358
30 22 -46.731
30 23 -48.1459
30 24 -49.5781
30 25 -51.0275
30 26 -52.4918
30 27 -53.9695
30 28 -55.4593
30 29 -56.9601
30 30 -58.4705
30 31 -59.9897
30 32 -61.5165
30 33 -63.0501
30 34 -64.5895
30 35 -66.1338
30 36 -67.6824
30 37 -69.2344
30 38 -70.7892
30 39 -72.3461
30 40 -73.9046
31 0 -28.3791
31 1 -28.6472
31 2 -29.0162
31 3 -29.4805
31 4 -30.0325
31 5 -30.6671
31 6 -31.3783
31 7 -32.1612
31 8 -33.0103
31 9 -33.9207
31 10 -34.8887
31 11 -35.9084
31 12 -36.9774
31 13 -38.0907
31 14 -39.2462
31 15 -40.4394
31 16 -41.6683
31 17 -42.9292
31 18 -44.2206
31 19 -45.5396
31 20 -46.8832
31 21 -48.2506
31 22 -49.6393
31 23 -51.0474
31 24 -52.4724
31 25 -53.9144
31 26 -55.371
31 27 -56.8408
31 28 -58.3226
31 29 -59.815
31 30 -61.3172
31 31 -62.8278
31 32 -64.3461
31 33 -65.871
31 34 -67.4016
31 35 -68.9372
31 36 -70.477
31 37 -72.0202
31 38 -73.5661
31 39 -75.1142
31 40 -76.6638
32 0 -31.3146
32 1 -31.599
32 2 -31.9812
32 3 -32.458
32 4 -33.0204
32 5 -33.6638
32 6 -34.3823
32 7 -35.1708
32 8 -36.0238
32 9 -36.9378
32 10 -37.9064
32 11 -38.9267
32 12 -39.9953
32 13 -41.1072
32 14 -42.2603
32 15 -43.4504
32 16 -44.6756
32 17 -45.932
32 18 -47.2185
32 19 -48.5321
32 20 -49.8697
32 21 -51.2308
32 22 -52.6127
32 23 -54.0137
32 24 -55.4315
32 25 -56.8658
32 26 -58.3146
32 27 -59.7764
32 28 -61.25
32 29 -62.7341
32 30 -64.2277
32 31 -65.7298
32 32 -67.2394
32 33 -68.7555
32 34 -70.2773
32 35 -71.8041
32 36 -73.3349
32 37 -74.8692
32 38 -76.4062
32 39 -77.9454
32 40 -79.4861
33 0 -34.3147
33 1 -34.6156
33 2 -35.0136
33 3 -35.5013
33 4 -36.0738
33 5 -36.7254
33 6 -37.4505
33 7 -38.2439
33 8 -39.1005
33 9 -40.0167
33 10 -40.9864
33 11 -42.0074
33 12 -43.0741
33 13 -44.1848
33 14 -45.3347
33 15 -46.5219
33 16 -47.7423
33 17 -48.9948
33 18 -50.2762
33 19 -51.5832
33 20 -52.9153
33 21 -54.2699
33 22 -55.645
33 23 -57.038
33 24 -58.449
33 25 -59.8756
33 26 -61.3164
33 27 -62.77
33 28 -64.2353
33 29 -65.7109
33 30 -67.196
33 31 -68.6894
33 32 -70.1902
33 33 -71.6975
33 34 -73.2104
33 35 -74.7282
33 36 -76.2501
33 37 -77.7754
33 38 -79.3035
33 39 -80.8336
33 40 -82.3653
34 0 -37.3799
34 1 -37.6957
34 2 -38.1057
34 3 -38.6045
34 4 -39.1863
34 5 -39.8452
34 6 -40.5762
34 7 -41.3738
34 8 -42.2337
34 9 -43.1517
34 10 -44.1221
34 11 -45.1427
34 12 -46.2082
34 13 -47.3166
34 14 -48.4635
34 15 -49.647
34 16 -50.8632
34 17 -52.1108
34 18 -53.3867
34 19 -54.6879
34 20 -56.0137
34 21 -57.3616
34 22 -58.7296
34 23 -60.1154
34 24 -61.5188
34 25 -62.9376
34 26 -64.3703
34 27 -65.8157
34 28 -67.2725
34 29 -68.7397
34 30 -70.2161
34 31 -71.7007
34 32 -73.1927
34 33 -74.6911
34 34 -76.1951
34 35 -77.7039
34 36 -79.2168
34 37 -80.7331
34 38 -82.2521
34 39 -83.7732
34 40 -85.2959
35 0 -40.4993
35 1 -40.8299
35 2 -41.252
35 3 -41.7612
35 4 -42.3515
35 5 -43.0175
35 6 -43.7538
35 7 -44.5553
35 8 -45.4177
35 9 -46.3371
35 10 -47.3077
35 11 -48.3275
35 12 -49.3914
35 13 -50.4973
35 14 -51.6411
35 15 -52.8206
35 16 -54.0323
35 17 -55.2748
35 18 -56.5451
35 19 -57.8402
35 20 -59.1596
35 21 -60.5007
35 22 -61.8616
35 23 -63.2399
35 24 -64.6356
35 25 -66.0464
35 26 -67.471
35 27 -68.9081
35 28 -70.3565
35 29 -71.815
35 30 -73.2827
35 31 -74.7586
35 32 -76.2417
35 33 -77.7311
35 34 -79.2262
35 35 -80.7259
35 36 -82.2298
35 37 -83.737
35 38 -85.247
35 39 -86.7591
35 40 -88.2727
36 0 -43.6705
36 1 -44.0137
36 2 -44.4475
36 3 -44.9663
36 4 -45.5644
36 5 -46.2364
36 6 -46.9775
36 7 -47.7826
36 8 -48.6477
36 9 -49.5671
36 10 -50.5379
36 11 -51.5567
36 12 -52.6188
36 13 -53.7219
36 14 -54.8622
36 15 -56.0376
36 16 -57.2445
36 17 -58.4817
36 18 -59.7463
36 19 -61.0352
36 20 -62.348
36 21 -63.6822
36 22 -65.0358
36 23 -66.4066
36 24 -67.7945
36 25 -69.1973
36 26 -70.6138
36 27 -72.0425
36 28 -73.4823
36 29 -74.9322
36 30 -76.3912
36 31 -77.8582
36 32 -79.3324
36 33 -80.8129
36 34 -82.2989
36 35 -83.7896
36 36 -85.2844
36 37 -86.7825
36 38 -88.2834
36 39 -89.7864
36 40 -91.291
37 0 -46.8861
37 1 -47.2419
37 2 -47.6867
37 3 -48.2145
37 4 -48.8199
37 5 -49.4977
37 6 -50.2429
37 7 -51.0509
37 8 -51.9178
37 9 -52.8377
37 10 -53.8086
37 11 -54.8253
37 12 -55.8856
37 13 -56.9853
37 14 -58.1223
37 15 -59.2928
37 16 -60.4955
37 17 -61.7272
37 18 -62.9852
37 19 -64.2685
37 20 -65.5747
37 21 -66.9011
37 22 -68.2474
37 23 -69.6114
37 24 -70.9914
37 25 -72.3861
37 26 -73.7941
37 27 -75.2144
37 28 -76.6456
37 29 -78.0868
37 30 -79.537
37 31 -80.9952
37 32 -82.4604
37 33 -83.9319
37 34 -85.4089
37 35 -86.8906
37 36 -88.3762
37 37 -89.8653
37 38 -91.3571
37 39 -92.851
37 40 -94.3466
38 0 -50.1421
38 1 -50.51
38 2 -50.9648
38 3 -51.501
38 4 -52.113
38 5 -52.7961
38 6 -53.5452
38 7 -54.3558
38 8 -55.224
38 9 -56.1442
38 10 -57.1143
38 11 -58.1294
38 12 -59.1872
38 13 -60.2837
38 14 -61.4168
38 15 -62.5828
38 16 -63.7804
38 17 -65.0067
38 18 -66.2586
38 19 -67.5355
38 20 -68.8349
38 21 -70.1548
38 22 -71.4934
38 23 -72.8495
38 24 -74.2216
38 25 -75.6075
38 26 -77.0074
38 27 -78.4194
38 28 -79.8422
38 29 -81.2747
38 30 -82.7161
38 31 -84.1654
38 32 -85.6217
38 33 -87.0842
38 34 -88.5522
38 35 -90.0248
38 36 -91.5014
38 37 -92.9813
38 38 -94.464
38 39 -95.9489
38 40 -97.4354
39 0 -53.4343
39 1 -53.8135
39 2 -54.2779
39 3 -54.8219
39 4 -55.4402
39 5 -56.1281
39 6 -56.8804
39 7 -57.6931
39 8 -58.5623
39 9 -59.4825
39 10 -60.4516
39 11 -61.4647
39 12 -62.5199
39 13 -63.613
39 14 -64.742
39 15 -65.9033
39 16 -67.0958
39 17 -68.3163
39 18 -69.5621
39 19 -70.8325
39 20 -72.125
39 21 -73.4378
39 22 -74.769
39 23 -76.1173
39 24 -77.4815
39 25 -78.8593
39 26 -80.2509
39 27 -81.6543
39 28 -83.0685
39 29 -84.4924
39 30 -85.925
39 31 -87.3654
39 32 -88.8127
39 33 -90.2662
39 34 -91.7251
39 35 -93.1886
39 36 -94.6562
39 37 -96.127
39 38 -97.6007
39 39 -99.0765
39 40 -100.554
40 0 -56.7587
40 1 -57.1485
40 2 -57.6218
40 3 -58.1731
40 4 -58.797
40 5 -59.4892
40 6 -60.2447
40 7 -61.0598
40 8 -61.9286
40 9 -62.8493
40 10 -63.8163
40 11 -64.8281
40 12 -65.8798
40 13 -66.9697
40 14 -68.0939
40 15 -69.2511
40 16 -70.4383
40 17 -71.6523
40 18 -72.8925
40 19 -74.1564
40 20 -75.4418
40 21 -76.7472
40 22 -78.0704
40 23 -79.4112
40 24 -80.7674
40 25 -82.1377
40 26 -83.5209
40 27 -84.9157
40 28 -86.3212
40 29 -87.7363
40 30 -89.1601
40 31 -90.5916
40 32 -92.03
40 33 -93.4745
40 34 -94.9243
40 35 -96.3788
40 36 -97.8373
40 37 -99.2991
40 38 -100.764
40 39 -102.23
40 40 -103.699
