50 1.381364e-9 5.245911e-9 50 -9.227369e-11 4.994204e-10
0	0	8.971717120961986e-7
0	1	9.196463260565586e-7
0	2	1.914817744626637e-6
0	3	7.197493493437952e-6
0	4	9.310899442377585e-6
0	5	8.987290203916418e-6
0	6	0.000016520630138238787
0	7	0.000021868276548401114
0	8	0.000025896455071248632
0	9	0.00004560663273301647
0	10	0.000046749417523525264
0	11	0.00006995058747483601
0	12	0.00007665484535947218
0	13	0.0001046571971123729
0	14	0.00011265731219706063
0	15	0.00013693108001628274
0	16	0.0001375230281041292
0	17	0.00016101930400642142
0	18	0.00016105834354043257
0	19	0.00017347549263938691
0	20	0.0001727787483959228
0	21	0.0001734672128735437
0	22	0.00017175895016544008
0	23	0.0001639696639565189
0	24	0.00016424135678076414
0	25	0.00014518465312760357
0	26	0.0001384988629976796
0	27	0.00011671607523474535
0	28	0.00011565176876696771
0	29	0.00009384763470159426
0	30	0.00008632514558375211
0	31	0.00006413128515399735
0	32	0.00006039923255952756
0	33	0.00004174747803806665
0	34	0.000040149906238544146
0	35	0.0000394597248933421
0	36	0.000025227775986397237
0	37	0.0000214587101998361
0	38	0.00001599691378565983
0	39	0.000011336079189910876
0	40	0.000011053967754941254
0	41	4.473349426458072e-6
0	42	4.343660520877917e-6
0	43	4.21250659239744e-6
0	44	1.433856955590382e-6
0	45	1.3830180565780013e-6
0	46	1.1146767270843501e-6
0	47	7.772524050946036e-7
0	48	7.456414929670018e-7
0	49	2.9163451377539856e-7
0	50	2.7826404013759145e-7
1	0	9.528455181568087e-7
1	1	3.2703460652515616e-6
1	2	3.347469547847359e-6
1	3	6.50076448568903e-6
1	4	0.00002139583947265824
1	5	0.00002610825131389648
1	6	0.00004521251573833153
1	7	0.000045795468260868284
1	8	0.00005743479547191427
1	9	0.00011417729101065558
1	10	0.00011515977687110676
1	11	0.00017244793335885762
1	12	0.00018402214478956903
1	13	0.00018498318434606893
1	14	0.00026087844280543547
1	15	0.00031083040596638524
1	16	0.00031291579251451347
1	17	0.00036107300789753143
1	18	0.0003611605509536836
1	19	0.00038624275889547545
1	20	0.0003849991980668575
1	21	0.00038627278096529764
1	22	0.00038262422970613815
1	23	0.00036688207462737114
1	24	0.0003297683641805473
1	25	0.0003277323517017916
1	26	0.00031394226114640685
1	27	0.0002685103856816907
1	28	0.0002218983500297657
1	29	0.00020523820306216417
1	30	0.0001572015188528789
1	31	0.00015521557239517146
1	32	0.00010667349749661759
1	33	0.00010213198105762057
1	34	0.00010048038219523976
1	35	0.00006718876362363685
1	36	0.00005720989655612208
1	37	0.00004422475305571671
1	38	0.00003241319456002521
1	39	0.000031643224102045706
1	40	0.000013786937326455867
1	41	0.000013403838533344774
1	42	0.000013015241760716
1	43	4.906605353007451e-6
1	44	4.739031434240884e-6
1	45	2.8953281044659913e-6
1	46	2.7853428299975724e-6
1	47	9.657177493808851e-7
1	48	1.130284825484248e-6
1	49	1.0800611139471104e-6
1	50	7.852003614716316e-7
2	0	2.4324744336585007e-6
2	1	3.7085007966153373e-6
2	2	0.000011198023243585518
2	3	0.000018786205925328726
2	4	0.0005624506306255658
2	5	0.00006032741747433859
2	6	0.00007311847902857329
2	7	0.0001193952164612204
2	8	0.0001496985516218543
2	9	0.00017517893357608046
2	10	0.000275834559150292
2	11	0.00028186850801361783
2	12	0.0004235207332515555
2	13	0.0004257325332396389
2	14	0.0005457601056617047
2	15	0.0005819564763983243
2	16	0.0006843453163391952
2	17	0.0007787769868856197
2	18	0.0007789658033188653
2	19	0.0008274327407147458
2	20	0.0008253966894134008
2	21	0.0008275958734711458
2	22	0.0007930614079284399
2	23	0.0007896533075776434
2	24	0.0007157638431132669
2	25	0.0006890224863829413
2	26	0.0005983106270169091
2	27	0.0005934129534469787
2	28	0.0004984430575988387
2	29	0.0004629915901689318
2	30	0.00036460773045786317
2	31	0.0003456567803286342
2	32	0.0002483090659947848
2	33	0.00024454686700179425
2	34	0.00017066616026871427
2	35	0.0001468015522543015
2	36	0.00011641022926848429
2	37	0.00008810405397935703
2	38	0.00007491052622521759
2	39	0.000040253168350819195
2	40	0.00003918318998892919
2	41	0.00003589015215053553
2	42	0.00001582900365269736
2	43	0.000015309058360850483
2	44	9.748366984787659e-6
2	45	9.391158723684771e-6
2	46	3.622639790801608e-6
2	47	4.106734863223078e-6
2	48	3.930061664038539e-6
2	49	2.9034254877444744e-6
2	50	5.34591886928985e-7
3	0	0.000010192391732873627
3	1	9.146184646909511e-6
3	2	0.000013471350367017786
3	3	0.00003601791180770573
3	4	0.0000616052520446852
3	5	0.0011621540615543643
3	6	0.00019623093376427885
3	7	0.00019428395754322132
3	8	0.00030002239220073353
3	9	0.0003622171107023256
3	10	0.0006321100239080094
3	11	0.0006453206534205102
3	12	0.0008706369816605634
3	13	0.000939324258109181
3	14	0.001170148902133559
3	15	0.001242870443384484
3	16	0.0014232551761895545
3	17	0.0016155938899836636
3	18	0.0016159855947733778
3	19	0.0017055135822576814
3	20	0.001702546635867241
3	21	0.0016969259807372973
3	22	0.0016419644925572763
3	23	0.0016359631356505963
3	24	0.0014938007928630766
3	25	0.001443402169743916
3	26	0.0012702469804388476
3	27	0.001084788031346856
3	28	0.0010127511062338957
3	29	0.0008199486400962756
3	30	0.0007801365508915681
3	31	0.0005995927805328796
3	32	0.0005688483830181505
3	33	0.00041345787708544593
3	34	0.000359106622114021
3	35	0.0002917516952704317
3	36	0.00022765911316849593
3	37	0.000195258515129023
3	38	0.00011133446546476847
3	39	0.00010850948013691281
3	40	0.0000998600196485009
3	41	0.00004814189490064783
3	42	0.000040204231171800584
3	43	0.00003088089616401322
3	44	0.000029790901460098972
3	45	0.000014573974028270287
3	46	0.000013988309208372406
3	47	0.000010514704217848304
3	48	2.329173662114333e-6
3	49	2.2101644965562753e-6
3	50	2.0936603175610334e-6
4	0	8.861324668597891e-6
4	1	0.00003459331795314279
4	2	0.00003204092241230045
4	3	0.0001066220372383727
4	4	0.00010882413127270862
4	5	0.00017532458901477318
4	6	0.00040371251737489935
4	7	0.0004837674898159953
4	8	0.0007098765173099941
4	9	0.0008474878284794226
4	10	0.0009810671213758891
4	11	0.001396380302497761
4	12	0.0014227883766265185
4	13	0.001986864951463011
4	14	0.002408895080973047
4	15	0.0025491153493192357
4	16	0.0028794633995632185
4	17	0.0032236827958138296
4	18	0.0032244643857910365
4	19	0.0033824220212040424
4	20	0.003392212292327263
4	21	0.0033669216261207184
4	22	0.003270150081979974
4	23	0.003182655830194318
4	24	0.0029976282865714684
4	25	0.002714468203449957
4	26	0.002590688196258389
4	27	0.0022450294456145053
4	28	0.002103999588682158
4	29	0.001746478960309694
4	30	0.0013379720550774142
4	31	0.0012646913620740843
4	32	0.0009553185434489173
4	33	0.000837431823592345
4	34	0.0006961970001669429
4	35	0.0005592284770185539
4	36	0.0004836351038958443
4	37	0.000291713466086216
4	38	0.00028466420874768717
4	39	0.00026316319543608687
4	40	0.00013803522632189108
4	41	0.00009514045679177536
4	42	0.00009203899348898525
4	43	0.00004345406567874205
4	44	0.000046469079972169205
4	45	0.0000355122579007454
4	46	9.371363223129415e-6
4	47	8.922934546115389e-6
4	48	8.48147798701593e-6
4	49	6.026388727151082e-6
4	50	5.701190707114629e-6
5	0	0.00003214152638450596
5	1	0.0000331577361875477
5	2	0.00010959639666595999
5	3	0.00010457874378779551
5	4	0.00030304387672794005
5	5	0.00030885981031863514
5	6	0.0004702557795797189
5	7	0.0009725135094733259
5	8	0.0011584851556865115
5	9	0.001617038644283713
5	10	0.0018865368757130766
5	11	0.0029291390371264728
5	12	0.002981987694349846
5	13	0.0040289814788797475
5	14	0.004761371324116993
5	15	0.005020897889688698
5	16	0.005571532884169241
5	17	0.006186904435492373
5	18	0.006188404465986389
5	19	0.006454320596862549
5	20	0.006473657932655174
5	21	0.006427500527771939
5	22	0.006264964110352681
5	23	0.005814539247212215
5	24	0.005662709108051364
5	25	0.005112915734900554
5	26	0.004497280406836294
5	27	0.004234323295897806
5	28	0.003603280889755523
5	29	0.003448107577610898
5	30	0.002687362028388244
5	31	0.0026521355230322663
5	32	0.0018616960972656293
5	33	0.0015817848901364007
5	34	0.0013058960502872283
5	35	0.0011383251956802194
5	36	0.0007240701052565863
5	37	0.0007074493303274595
5	38	0.00038371889100503734
5	39	0.00037312455712362996
5	40	0.0002664186966221975
5	41	0.00025809391596293287
5	42	0.00014407741761751928
5	43	0.0001389024632940454
5	44	0.00010763155788658112
5	45	0.000033266890573608636
5	46	0.00003172913629390828
5	47	0.000023362923641480903
5	48	0.00002217961225321708
5	49	0.000021019459425041925
5	50	4.777728627116729e-6
6	0	0.0013170533909768307
6	1	0.00011136612664121065
6	2	0.00011468022365060287
6	3	0.00032410690073685636
6	4	0.0004179902915032056
6	5	0.0008090839065836858
6	6	0.0011019079037129123
6	7	0.00804091242343743
6	8	0.0026027823008184033
6	9	0.003472276143928383
6	10	0.00396791327122545
6	11	0.0058785795047162455
6	12	0.005916884842770779
6	13	0.007388516527185014
6	14	0.00786554589669442
6	15	0.00949733076749317
6	16	0.010380619194669517
6	17	0.010848968552083097
6	18	0.011423542561900955
6	19	0.01185013789991852
6	20	0.011886773194611119
6	21	0.011805659154456903
6	22	0.011545598984383626
6	23	0.010787597285033833
6	24	0.010539106369280191
6	25	0.009623358209419505
6	26	0.008575171245036413
6	27	0.00711710010875884
6	28	0.006832342521348418
6	29	0.005693239940746264
6	30	0.0053918889751350925
6	31	0.003945494086279416
6	32	0.0034218361758127005
6	33	0.002898965383528471
6	34	0.0025459834748557115
6	35	0.0017025585153430589
6	36	0.001665540140806551
6	37	0.0009765349558763604
6	38	0.0008411565532604548
6	39	0.0007019207920151071
6	40	0.00039689230196471645
6	41	0.0004031431765113815
6	42	0.0003171097387999197
6	43	0.00011453496975160909
6	44	0.00010961408289902159
6	45	0.00008228066772281215
6	46	0.00007952816534051041
6	47	0.00007563222733134629
6	48	0.000020787510699489672
6	49	0.000013222144893553337
6	50	0.000012392821734552894
7	0	0.00012036863291098489
7	1	0.00014318726684243337
7	2	0.000356662269770287
7	3	0.00036661449094345486
7	4	0.0008946810230444599
7	5	0.0011540184604044137
7	6	0.0020291358563038512
7	7	0.0026411989890028848
7	8	0.004761909094626166
7	9	0.005617656142789136
7	10	0.007170058384658793
7	11	0.008114543427391966
7	12	0.011361133495364825
7	13	0.011536113714426357
7	14	0.014658988854141188
7	15	0.016516758140845487
7	16	0.018591620288298163
7	17	0.019426404126030916
7	18	0.02028261393682287
7	19	0.020933719697443502
7	20	0.021000310182260847
7	21	0.020536981718726796
7	22	0.01998529848879172
7	23	0.019244042507493567
7	24	0.01751065858903695
7	25	0.015811363337921616
7	26	0.015000373280805893
7	27	0.013341084754371709
7	28	0.011200462749663817
7	29	0.010477068158061518
7	30	0.008757288497492178
7	31	0.007048026361074447
7	32	0.006117761496942063
7	33	0.005411099394814954
7	34	0.0037924578932257763
7	35	0.003554742075496631
7	36	0.0023429313153488503
7	37	0.0017885581723234639
7	38	0.0017399447405699038
7	39	0.001092047856206829
7	40	0.0010575051761130751
7	41	0.0003641542598718121
7	42	0.0003497001772457347
7	43	0.00033524723596524533
7	44	0.0002628249625454996
7	45	0.0002508250290680931
7	46	0.00008237930068107518
7	47	0.000054053858901451974
7	48	0.00005087072777289783
7	49	0.000014052948768818721
7	50	0.000013053443409703374
8	0	0.00007854824400847234
8	1	0.0000819746229801926
8	2	0.00048382791191979325
8	3	0.0010557927114225832
8	4	0.0010832985436405435
8	5	0.0023053460143008914
8	6	0.0029736934165130935
8	7	0.0047803335480387996
8	8	0.006279771199473698
8	9	0.009800371812230766
8	10	0.011503059751572965
8	11	0.015363978914921791
8	12	0.02087114837361098
8	13	0.021177752179449717
8	14	0.02619107180040092
8	15	0.02889689716603969
8	16	0.032007860236674644
8	17	0.03343858633644153
8	18	0.03463762063585769
8	19	0.03568314029962548
8	20	0.035697265332470605
8	21	0.03502099299730553
8	22	0.0331528540543126
8	23	0.03260546498594925
8	24	0.03041526036051367
8	25	0.027776519852308067
8	26	0.024175200363999724
8	27	0.023322566099436424
8	28	0.01945773109221432
8	29	0.016760617782527354
8	30	0.01382204624951943
8	31	0.01227318118057373
8	32	0.010648561991164308
8	33	0.008002704457177863
8	34	0.007529567901486999
8	35	0.005299421587845104
8	36	0.004165507492443527
8	37	0.002760272319576927
8	38	0.002681528290225524
8	39	0.0021645462526994077
8	40	0.0010302597747358685
8	41	0.0009910562522099451
8	42	0.0008005544795487583
8	43	0.0007666788547658135
8	44	0.0002973502608408368
8	45	0.00020090465341572445
8	46	0.00018984720160427005
8	47	0.00006327461235465677
8	48	0.000059048183351260106
8	49	0.0000652078793255618
8	50	0.000022437535833645374
9	0	0.00021159160585143926
9	1	0.00031475683476332354
9	2	0.00032767563130891973
9	3	0.012166985818697039
9	4	0.002888800738773781
9	5	0.002958721774942025
9	6	0.005544877517136412
9	7	0.007151818764933058
9	8	0.010578760594357611
9	9	0.03935573365626324
9	10	0.022152919989117406
9	11	0.02615535079348386
9	12	0.03177347234912559
9	13	0.03688397387567173
9	14	0.044861794238930414
9	15	0.04854170509853511
9	16	0.05053183143347209
9	17	0.05532926732240577
9	18	0.056894879941520184
9	19	0.05838479246205616
9	20	0.0581758784480089
9	21	0.05744698951343748
9	22	0.05467853001161943
9	23	0.05102578643991361
9	24	0.0471414504192363
9	25	0.04502532788387603
9	26	0.04057218844858213
9	27	0.034538082673232925
9	28	0.030594507894826577
9	29	0.02580914868331022
9	30	0.023406519524878176
9	31	0.016272103071949328
9	32	0.015997424894371025
9	33	0.01154307959870843
9	34	0.010208552053185648
9	35	0.00912760233200102
9	36	0.0063462219350212115
9	37	0.006172809669914111
9	38	0.002802973735049763
9	39	0.002705532771945321
9	40	0.0022474694966541013
9	41	0.0021599054134022167
9	42	0.000977581905599709
9	43	0.0006788780851593497
9	44	0.0006441380435318016
9	45	0.0002556114203068542
9	46	0.00023964960700226812
9	47	0.0002498327556707584
9	48	0.00010010397582320718
9	49	0.00009279837198160025
9	50	0.00008581408245059552
10	0	0.00006316240712183572
10	1	0.00006713979697951908
10	2	0.001132207843010036
10	3	0.0011757667180399534
10	4	0.022836394498828575
10	5	0.025073810357740273
10	6	0.007469259240504948
10	7	0.012449036525630576
10	8	0.016053646044721783
10	9	0.021990792968380458
10	10	0.035112033845665545
10	11	0.04088210067661175
10	12	0.04658845617691627
10	13	0.062023270298209615
10	14	0.06279043226127343
10	15	0.0739055554792938
10	16	0.08130145282661885
10	17	0.08614215748590105
10	18	0.08988750505587871
10	19	0.09191149082786922
10	20	0.09156870908504855
10	21	0.08972673977535763
10	22	0.08607486202946592
10	23	0.08179180762643726
10	24	0.07353726159725547
10	25	0.06918606748150738
10	26	0.06257823416386873
10	27	0.05326353746247885
10	28	0.04588508419655636
10	29	0.042435724999598606
10	30	0.03077626722357381
10	31	0.030294282550131685
10	32	0.023173864638401463
10	33	0.019235846345755408
10	34	0.014617334343640643
10	35	0.01367518729655551
10	36	0.011294061738166503
10	37	0.006820695876549516
10	38	0.0058153432424257415
10	39	0.005608343606744395
10	40	0.002927336129519861
10	41	0.002085605116692682
10	42	0.001986974074660281
10	43	0.0009264452179824188
10	44	0.0009157405315577713
10	45	0.0004262488560763766
10	46	0.0003980748411190251
10	47	0.00037084754634512165
10	48	0.0003446317337910719
10	49	0.00007782671439423066
10	50	0.00007085011416369337
11	0	0.0003290328222243501
11	1	0.00034011581582323914
11	2	0.00036025673859859314
11	3	0.002711647848301586
11	4	0.0037871323371713823
11	5	0.009256412228093872
11	6	0.04183541735815771
11	7	0.017428835647518046
11	8	0.02608960298955282
11	9	0.04243579503015635
11	10	0.04757608834086224
11	11	0.06173841318223867
11	12	0.07849354978737497
11	13	0.0919250696270871
11	14	0.10096447738759577
11	15	0.11634525516659253
11	16	0.125620306081223
11	17	0.13189411454898364
11	18	0.13659238052678893
11	19	0.13921091140561173
11	20	0.13793232751992254
11	21	0.132674238208671
11	22	0.1315321235637386
11	23	0.11919302236839581
11	24	0.11011380343244936
11	25	0.10176065591759659
11	26	0.09425201384818849
11	27	0.08154720406136487
11	28	0.07313773450745555
11	29	0.055142378165855536
11	30	0.0543461213181247
11	31	0.04386038013569214
11	32	0.03725988688771608
11	33	0.028275915254355556
11	34	0.023615242896199585
11	35	0.01587910299065646
11	36	0.015405757201808395
11	37	0.01342187308225499
11	38	0.007984112340491005
11	39	0.0058252005072697245
11	40	0.005572421411061433
11	41	0.003012645039555959
11	42	0.0028388556106776265
11	43	0.0015033919411939715
11	44	0.0014109621732292196
11	45	0.0013209540150460385
11	46	0.0003939082369482064
11	47	0.00036179522684701506
11	48	0.00020795712616511797
11	49	0.000189424101814511
11	50	0.00005561289826352585
12	0	0.00006801859758007632
12	1	0.00029445070199153606
12	2	0.0015029108406484307
12	3	0.0016564651781543673
12	4	0.001742189791909623
12	5	0.010949949113541892
12	6	0.011287173192372735
12	7	0.07080295694622353
12	8	0.037590374503265786
12	9	0.0510372358306672
12	10	0.077950663321906
12	11	0.087989412304998
12	12	0.11815828487892724
12	13	0.1267425926430761
12	14	0.15427563557538623
12	15	0.17558781671987747
12	16	0.18066294375719216
12	17	0.19410237536835342
12	18	0.19964324884569185
12	19	0.20296820129946982
12	20	0.2013936718954989
12	21	0.19452212304051048
12	22	0.18714639058544985
12	23	0.17207103684361102
12	24	0.16336049348475157
12	25	0.14622023239174198
12	26	0.12986048912317177
12	27	0.1198302518686998
12	28	0.0935949315186967
12	29	0.08935686644847571
12	30	0.07826065294301955
12	31	0.06790405438319842
12	32	0.053470225241470784
12	33	0.034138516041777034
12	34	0.0332341006664469
12	35	0.029605355139896115
12	36	0.019834227622762737
12	37	0.014792043473570706
12	38	0.01420804110017869
12	39	0.008789515075157595
12	40	0.007933958668041642
12	41	0.004726269105400358
12	42	0.004457622099193373
12	43	0.004193891833514519
12	44	0.0015855815652903089
12	45	0.0009560533081985586
12	46	0.0008788212496529928
12	47	0.00032894727542126745
12	48	0.00029646083960609517
12	49	0.000266250003262446
12	50	0.00024937007051030805
13	0	0.00044057121620180267
13	1	0.0004803218385169643
13	2	0.0005210455352700707
13	3	0.005587732636264549
13	4	0.005863639591894423
13	5	0.006840182750050583
13	6	0.022066975370245313
13	7	0.029223022849098546
13	8	0.054817313119874145
13	9	0.07493804636811359
13	10	0.09319546187106745
13	11	0.13450449559359673
13	12	0.19121297969628206
13	13	0.1937951726625948
13	14	0.22018034054528204
13	15	0.2294257404625698
13	16	0.2579185302393873
13	17	0.2744083732392249
13	18	0.2806621127985711
13	19	0.2844950823982369
13	20	0.28286066282499367
13	21	0.2738214591627439
13	22	0.2555718366678568
13	23	0.2435823784718378
13	24	0.21680929684918704
13	25	0.19714159869541306
13	26	0.18664077618728844
13	27	0.15049305549220554
13	28	0.13356930241942364
13	29	0.1183559021514901
13	30	0.09659305840247169
13	31	0.08216567518875367
13	32	0.06620735017990381
13	33	0.06018746553975354
13	34	0.04487852292870725
13	35	0.03414947027114108
13	36	0.02403182422530769
13	37	0.02088600904198139
13	38	0.013938133995405956
13	39	0.013243473614506045
13	40	0.012552445990887395
13	41	0.005963727886109791
13	42	0.005559197590949789
13	43	0.003485206176903786
13	44	0.0016241307060328892
13	45	0.0014791706374671187
13	46	0.0013579992583027899
13	47	0.0012305990510502805
13	48	0.0002972182905432578
13	49	0.00026105316107053795
13	50	0.00022832266864381766
14	0	0.00014789078871568607
14	1	0.00016735304732147461
14	2	0.002698235375380301
14	3	0.0029426863227186052
14	4	0.0031603965776309992
14	5	0.018747538533803277
14	6	0.02301325520003172
14	7	0.023948758830791866
14	8	0.06791682688095156
14	9	0.16819284092733677
14	10	0.1380846863019001
14	11	0.15885113797741976
14	12	0.21801345525915736
14	13	0.2431276622267889
14	14	0.28366282137901044
14	15	0.31681555325027333
14	16	0.3583226451402205
14	17	0.38032616486451065
14	18	0.38041322133647065
14	19	0.38459866637999496
14	20	0.3720457793275702
14	21	0.37115261434896324
14	22	0.3415723976749985
14	23	0.3400402886566544
14	24	0.3028347124993234
14	25	0.2763514087885559
14	26	0.22923339121947292
14	27	0.21153663686962226
14	28	0.190671391425927
14	29	0.16029448269029753
14	30	0.12180072553239435
14	31	0.11277698236658251
14	32	0.0924903502679154
14	33	0.07167674401247484
14	34	0.056177412232507926
14	35	0.047230621083492505
14	36	0.034640462962927804
14	37	0.0330767333269062
14	38	0.019250877341589118
14	39	0.018105091775279625
14	40	0.011814599750138616
14	41	0.006693597285574152
14	42	0.0061604599584506635
14	43	0.005556356450392158
14	44	0.0019343147713063713
14	45	0.001727881555115841
14	46	0.001536977252698709
14	47	0.0013614056929554356
14	48	0.0012008101100860113
14	49	0.0010546971201215176
14	50	0.0007173360595458774
15	0	0.001163779893745341
15	1	0.0013169319963812407
15	2	0.001479605996881427
15	3	0.0016505133821123306
15	4	0.01291176990251136
15	5	0.014274914211226236
15	6	0.015178378733169852
15	7	0.053727044289695505
15	8	0.06880110314686123
15	9	0.14169089306907615
15	10	0.24152714063052094
15	11	0.23518309689887834
15	12	0.34656128910709005
15	13	0.3488417801558658
15	14	0.3897831251060759
15	15	0.4251299071153482
15	16	0.4661653369031732
15	17	0.46670451231900395
15	18	0.4875370444326836
15	19	0.49143967773074965
15	20	0.4792764437650109
15	21	0.4506461343112135
15	22	0.4490509884248254
15	23	0.40138352770894997
15	24	0.3889987749893785
15	25	0.33077797881965704
15	26	0.31583603805866645
15	27	0.2529897893651307
15	28	0.20692594037083634
15	29	0.19476616680950848
15	30	0.17361566229146305
15	31	0.1367763680327052
15	32	0.11782174515667697
15	33	0.07977165069751395
15	34	0.07673614479619208
15	35	0.053331857615318314
15	36	0.050604929846676694
15	37	0.034235144431681325
15	38	0.023027251347390292
15	39	0.020517585995628734
15	40	0.019044331874957496
15	41	0.008928078376525385
15	42	0.00807690289152038
15	43	0.007276095316794431
15	44	0.006527074187866231
15	45	0.005830494222235608
15	46	0.00045288853788104464
15	47	0.00037835205166257253
15	48	0.0003348527599771734
15	49	0.00027838015244519763
15	50	0.0002300449360660802
16	0	0.0002187563958790448
16	1	0.0020441267795675336
16	2	0.0023686498310356947
16	3	0.0095695535942978
16	4	0.010598755648214258
16	5	0.011654893624736845
16	6	0.03668504102979561
16	7	0.05483034033125838
16	8	0.05772010148335031
16	9	0.13151694147016832
16	10	0.1743984662497653
16	11	0.270160603481326
16	12	0.3470127936992342
16	13	0.4735849419840948
16	14	0.4761079054003382
16	15	0.514982971365222
16	16	0.5474329161322136
16	17	0.583967673525653
16	18	0.6022893499134989
16	19	0.6055766895752849
16	20	0.5946891379976543
16	21	0.5689267327173608
16	22	0.5254568804297574
16	23	0.5135818087072698
16	24	0.43628056805427495
16	25	0.432291696840184
16	26	0.3684282857034003
16	27	0.31983678794096837
16	28	0.2968356006391423
16	29	0.23729160101564856
16	30	0.1820436821582441
16	31	0.1567330032699843
16	32	0.1515142575734679
16	33	0.12139153413899399
16	34	0.08479845276515628
16	35	0.06612543498232008
16	36	0.058306936383401675
16	37	0.03601314361514071
16	38	0.03313456673060102
16	39	0.030357654244562365
16	40	0.027696301326024183
16	41	0.018683795399073055
16	42	0.0040576274526866905
16	43	0.003368096772312326
16	44	0.0028854850402358014
16	45	0.0024572147683142817
16	46	0.0020167960302278133
16	47	0.0016951401627831111
16	48	0.001416195598487439
16	49	0.0011760204059745728
16	50	0.0009706897988213994
17	0	0.0008645628198069423
17	1	0.0010848843967994897
17	2	0.0013435703369678177
17	3	0.004229479113965793
17	4	0.005002957336374694
17	5	0.021911725353300673
17	6	0.05435850645994499
17	7	0.05892524776240505
17	8	0.12156669192942211
17	9	0.16675784517895836
17	10	0.19785670796191301
17	11	0.4533611605574588
17	12	0.45889127162747134
17	13	0.499258559066087
17	14	0.6129138133685134
17	15	0.6154120285791893
17	16	0.6733260547955173
17	17	0.7027756389043094
17	18	0.7172132317044247
17	19	0.7118200761914878
17	20	0.6915322345189275
17	21	0.6562979195255523
17	22	0.6460980097039228
17	23	0.5798038198929496
17	24	0.5752868398519871
17	25	0.4625098566420497
17	26	0.43649112583058103
17	27	0.42902783050727994
17	28	0.3002901825460564
17	29	0.27447928180617215
17	30	0.2499121952098121
17	31	0.17954210169800483
17	32	0.1585035163496777
17	33	0.1134026191141174
17	34	0.1061149916194672
17	35	0.0988774036840188
17	36	0.09174534018840384
17	37	0.028494667395293168
17	38	0.025184247256807173
17	39	0.0199165013803989
17	40	0.017477818334939433
17	41	0.01496477783627727
17	42	0.01296414727682766
17	43	0.011163275146807573
17	44	0.009554617219735925
17	45	0.008128472622829818
17	46	0.001275548633655631
17	47	0.0009962874188470968
17	48	0.0007715029975597979
17	49	0.0005923193725915967
17	50	0.0002285962486125246
18	0	0.0006166105014828279
18	1	0.003039099969477394
18	2	0.003987110224717124
18	3	0.013481817320694818
18	4	0.01626317943728891
18	5	0.019362102068092784
18	6	0.022750429104773363
18	7	0.31980228441471925
18	8	0.3332682936833373
18	9	0.3459087623017169
18	10	0.35758908832544456
18	11	0.4261262093465332
18	12	0.435383467961985
18	13	0.6319738956484914
18	14	0.6655098052727034
18	15	0.7512502379585088
18	16	0.7751970385753928
18	17	0.8134402831385434
18	18	0.8232598743695292
18	19	0.8194125187590445
18	20	0.8050979570104021
18	21	0.7744877375796989
18	22	0.7259983517858142
18	23	0.6388149113589014
18	24	0.616166714792473
18	25	0.6080276937296724
18	26	0.3814669032935858
18	27	0.3693012623951348
18	28	0.3561993501590614
18	29	0.28816066692776654
18	30	0.2652963075339643
18	31	0.2514113681471484
18	32	0.17073376696214684
18	33	0.11948818763299654
18	34	0.09154211439488764
18	35	0.08278372989248907
18	36	0.07375771550395868
18	37	0.0658584015353979
18	38	0.05845059078655298
18	39	0.022404390661529702
18	40	0.01858503264097129
18	41	0.015284768561724203
18	42	0.012462918460042051
18	43	0.005987407655244802
18	44	0.004744800135319182
18	45	0.003726245572604204
18	46	0.0029000098775706974
18	47	0.0022366701186204837
18	48	0.0017095383540834683
18	49	0.0012948820671194725
18	50	0.0009719771121286427
19	0	0.0008180346756820792
19	1	0.001338748467011817
19	2	0.0021292958288255774
19	3	0.003291415907646248
19	4	0.017883875707182487
19	5	0.022904703471947747
19	6	0.07101865526361872
19	7	0.08571165207341729
19	8	0.14147445225330796
19	9	0.15980310589845037
19	10	0.5732612655693831
19	11	0.5902424247035458
19	12	0.6052898271849689
19	13	0.6632873128163898
19	14	0.6730636145428612
19	15	0.8049045242229943
19	16	0.8720743745551192
19	17	0.8950444047210102
19	18	0.9119188607904327
19	19	0.9015877840711735
19	20	0.8846226619733843
19	21	0.8565043191008664
19	22	0.7932494261497115
19	23	0.6358114992120384
19	24	0.6224251033521906
19	25	0.6070636434742686
19	26	0.4909980627404628
19	27	0.4700134423352667
19	28	0.44768126802885955
19	29	0.2801834592024019
19	30	0.2608036964679723
19	31	0.24147575190716378
19	32	0.22223236204491648
19	33	0.15762692941113624
19	34	0.13767925956484348
19	35	0.08039269467283945
19	36	0.06848572304302536
19	37	0.05781732026009751
19	38	0.048371585996246184
19	39	0.04010487341299845
19	40	0.0329517456772083
19	41	0.026830833159762146
19	42	0.021650321252257253
19	43	0.0050274388633718406
19	44	0.0036095056401110547
19	45	0.0025583320655316114
19	46	0.0017900879386437078
19	47	0.0012365169705696158
19	48	0.0008806968843943717
19	49	0.0006049664177126028
19	50	0.00041051539154510664
20	0	0.004647353144857531
20	1	0.007587988813144815
20	2	0.012042473892866109
20	3	0.018576879740468854
20	4	0.027854659278544462
20	5	0.040596720904350216
20	6	0.08657790030242941
20	7	0.35793810380559726
20	8	0.4016806301952794
20	9	0.44573443099066223
20	10	0.4890956631814576
20	11	0.5306812916223363
20	12	0.5693719649989623
20	13	0.6040608890304785
20	14	0.8494345608418364
20	15	0.8606533583039041
20	16	0.9343644386552596
20	17	0.9628326456660259
20	18	0.971854128758955
20	19	0.9627841845608545
20	20	0.934820548381451
20	21	0.8660463476918321
20	22	0.8085699852082767
20	23	0.7896516392448006
20	24	0.6179220560537803
20	25	0.5812309573066468
20	26	0.5417713616065762
20	27	0.5004211047898242
20	28	0.4580442724654098
20	29	0.4154622444429659
20	30	0.37342890862415473
20	31	0.33261097417052354
20	32	0.21552841340801868
20	33	0.17828490293713545
20	34	0.14559044338291585
20	35	0.0953134334921194
20	36	0.0767441192589942
20	37	0.061042100366054425
20	38	0.04796309516325284
20	39	0.03722873713278736
20	40	0.028545836758235677
20	41	0.021622236926746967
20	42	0.016179006004363894
20	43	0.011959042820982363
20	44	0.008732415183718851
20	45	0.006298914330573751
20	46	0.004488388052839666
20	47	0.0025091313088614706
20	48	0.001737455292054876
20	49	0.0011883271190845323
20	50	0.0008027688277348805
21	0	0.0006048338154358516
21	1	0.0014055337413054348
21	2	0.003110545695648551
21	3	0.006661652548783971
21	4	0.013375917496421166
21	5	0.025576648814014242
21	6	0.046573851540001814
21	7	0.08076424243199802
21	8	0.13337503554086932
21	9	0.3603144610689088
21	10	0.4454189396088771
21	11	0.5366793667428689
21	12	0.6302608772820503
21	13	0.7214147748795205
21	14	0.8048388791662031
21	15	0.8751693400663599
21	16	0.9676055307556727
21	17	0.9933276244115404
21	18	0.9984520348956945
21	19	0.9807820064173761
21	20	0.9654420214187341
21	21	0.9417425048746363
21	22	0.8328163754768728
21	23	0.7658846095964358
21	24	0.6919771054613779
21	25	0.6142347826083258
21	26	0.5356626712228137
21	27	0.458947127897165
21	28	0.38632092018367736
21	29	0.3194832502910522
21	30	0.2883763647278895
21	31	0.23992099800639075
21	32	0.19674472869884063
21	33	0.15902455935075088
21	34	0.12669268664493777
21	35	0.09948672634759916
21	36	0.07700252821508906
21	37	0.05874502299732712
21	38	0.04417366377847054
21	39	0.032740251705870436
21	40	0.023918109846290316
21	41	0.017222569571423256
21	42	0.01222349189765618
21	43	0.008551038852775627
21	44	0.005896152666020239
21	45	0.0040072349797843805
21	46	0.002684399498486782
21	47	0.0017724571218641545
21	48	0.001153534468578108
21	49	0.000739965827531119
21	50	0.00046786332328752924
22	0	0.00036208742263482084
22	1	0.0008414312771993771
22	2	0.0018621469983678008
22	3	0.003924635876061928
22	4	0.007877254481461343
22	5	0.015057070386956367
22	6	0.10539496089030391
22	7	0.1449221281231904
22	8	0.19371895216421356
22	9	0.2517283170196085
22	10	0.3283743126397863
22	11	0.6921867520964329
22	12	0.7396375034070863
22	13	0.7820217927069594
22	14	0.8181314321010221
22	15	0.9413526144119433
22	16	0.9627983536777625
22	17	0.9887470412635933
22	18	0.9933762741072208
22	19	0.9784811940207275
22	20	0.9480693857997184
22	21	0.9157780002551532
22	22	0.8267379226866878
22	23	0.7917699871526223
22	24	0.751390536326126
22	25	0.7065906980600104
22	26	0.6584239506669394
22	27	0.607965358535161
22	28	0.3207785697642782
22	29	0.34964128619770707
22	30	0.30229712102172335
22	31	0.25814298389578133
22	32	0.21772166816832988
22	33	0.1813668847145662
22	34	0.14922079387490658
22	35	0.10125066097686987
22	36	0.08105343272853698
22	37	0.064076144848874
22	38	0.05002334772121459
22	39	0.03856564039493136
22	40	0.029361602736322667
22	41	0.022075491702612422
22	42	0.016390508577541957
22	43	0.007346989210972988
22	44	0.0050659306745447965
22	45	0.003442986597207772
22	46	0.0023064161551461003
22	47	0.0015228820235124092
22	48	0.0009911082666146315
22	49	0.0006357731551640829
22	50	0.0004019847000563786
23	0	0.0019159686037280572
23	1	0.0050703172974658805
23	2	0.007998737888412284
23	3	0.012269753247483896
23	4	0.018301143568716347
23	5	0.02654291784786986
23	6	0.037432353505574875
23	7	0.05133028080978339
23	8	0.06844286527827224
23	9	0.3345949970466684
23	10	0.3651795948680393
23	11	0.39436453552843076
23	12	0.7302993877008933
23	13	0.7452508110177563
23	14	0.8158647348905559
23	15	0.8788571428537572
23	16	0.9399558834800567
23	17	0.9651819036283642
23	18	0.9679063102670595
23	19	0.9495165593687831
23	20	0.9286979454018127
23	21	0.8773747229071237
23	22	0.7599107265699085
23	23	0.7466807160234236
23	24	0.6476465600213622
23	25	0.6256021734327409
23	26	0.6012084796440438
23	27	0.37420656032572275
23	28	0.3423892497202571
23	29	0.3619518790550333
23	30	0.3284778759400265
23	31	0.20832605377317373
23	32	0.17860567472469357
23	33	0.15593964175273756
23	34	0.1349017829697784
23	35	0.11563218332972107
23	36	0.09820636600860815
23	37	0.04696045940699583
23	38	0.03629070494022816
23	39	0.027681285264989485
23	40	0.020840343671303815
23	41	0.01392075248352825
23	42	0.010371800778793032
23	43	0.007632391402252303
23	44	0.005547305881077965
23	45	0.00398215909154713
23	46	0.0028233850588185684
23	47	0.001977136393891935
23	48	0.0013674711146100713
23	49	0.0009341458852156362
23	50	0.0006302694569443243
24	0	0.00021307597703349116
24	1	0.00034569474695189716
24	2	0.0005453547594844254
24	3	0.010944235364431633
24	4	0.03981355390250799
24	5	0.0473449614604461
24	6	0.05557054222700325
24	7	0.06437889929684555
24	8	0.4481439139723459
24	9	0.46441353208702213
24	10	0.4794251006385395
24	11	0.5954636231769308
24	12	0.6060834723772139
24	13	0.7240237344478165
24	14	0.8322830252832429
24	15	0.8580276985811525
24	16	0.899856541278158
24	17	0.9236477504858875
24	18	0.9225108092528962
24	19	0.9014174335882399
24	20	0.8793252144200033
24	21	0.833671449356339
24	22	0.7465663819345798
24	23	0.7225486101839372
24	24	0.7148764449550886
24	25	0.499644236208401
24	26	0.485511746809284
24	27	0.4700320102571279
24	28	0.3340226139307029
24	29	0.31479795163505214
24	30	0.27959219630648113
24	31	0.2079660045152153
24	32	0.15847878404184068
24	33	0.14475978529119718
24	34	0.13141831599860332
24	35	0.0808637323860358
24	36	0.06983279927396958
24	37	0.05980996058569761
24	38	0.03415933619924736
24	39	0.023551680557784855
24	40	0.01927890360792659
24	41	0.015636611297258417
24	42	0.012566167014984473
24	43	0.010006055177548559
24	44	0.007894467442637667
24	45	0.0061713852942764085
24	46	0.004780159228058727
24	47	0.0036686133657785006
24	48	0.0003845299606139974
24	49	0.0002573942379790634
24	50	0.00017005728325333617
25	0	0.0028634292242879452
25	1	0.003587708021507226
25	2	0.0044368605168166545
25	3	0.005415798601884682
25	4	0.015570345098952353
25	5	0.01809413016433964
25	6	0.10560448445333792
25	7	0.11430239505088712
25	8	0.12285057718830392
25	9	0.3856119183400923
25	10	0.39471004412745325
25	11	0.5465015790876954
25	12	0.5529602568833045
25	13	0.7120473994200034
25	14	0.7520846218531716
25	15	0.8057975119222841
25	16	0.8494102601668518
25	17	0.8667635636637748
25	18	0.8606415078432068
25	19	0.8457653680076495
25	20	0.8058094033379347
25	21	0.7868110004648073
25	22	0.7134257468453318
25	23	0.5834836729581393
25	24	0.5777539101210354
25	25	0.545539521857878
25	26	0.5377410016987267
25	27	0.35737987656909453
25	28	0.3444728376979009
25	29	0.2500991691737725
25	30	0.22177160015979996
25	31	0.18849539747800445
25	32	0.14732397122474633
25	33	0.13828454946293617
25	34	0.12924314444539867
25	35	0.07514574819531578
25	36	0.045403020675468544
25	37	0.04046562176378325
25	38	0.035844197009750084
25	39	0.03155605185769271
25	40	0.027610713787488875
25	41	0.009426437861316053
25	42	0.007746466684656479
25	43	0.00631346972956332
25	44	0.00510318067279005
25	45	0.004090931266929167
25	46	0.002032592592290445
25	47	0.0010246230844872916
25	48	0.0007791545220933469
25	49	0.0005870605994448664
25	50	0.00043827041042707215
26	0	0.0002688297432940978
26	1	0.0011919414791724788
26	2	0.0014330061381648065
26	3	0.02236585120604425
26	4	0.024723599418636118
26	5	0.02713856415605843
26	6	0.029580869480514835
26	7	0.13116705549251026
26	8	0.13690791447454942
26	9	0.3779498181640357
26	10	0.3838533438820056
26	11	0.5768297448082976
26	12	0.5807938816995887
26	13	0.6329999458791009
26	14	0.7066224238542012
26	15	0.7689778334606927
26	16	0.785731667175153
26	17	0.794987086206832
26	18	0.7932536967968054
26	19	0.7644328469576739
26	20	0.7333437245511563
26	21	0.7064993291302959
26	22	0.680244803587458
26	23	0.5931184948778319
26	24	0.578373615496134
26	25	0.41814339390250926
26	26	0.4126146163174219
26	27	0.3776265878450333
26	28	0.37084507288844876
26	29	0.2342613842650936
26	30	0.2086345608294531
26	31	0.18105787423730646
26	32	0.12805613519481746
26	33	0.12242548531109204
26	34	0.07661575380384597
26	35	0.07166102488400418
26	36	0.05116840466541825
26	37	0.047210280108405785
26	38	0.04337154492684982
26	39	0.015197169020189813
26	40	0.013283252783775677
26	41	0.007888157029697631
26	42	0.006817621017188778
26	43	0.005856273236561931
26	44	0.004999665795739621
26	45	0.004242206310386213
26	46	0.00357745157783774
26	47	0.0005733664984877707
26	48	0.0004483722667975938
26	49	0.00034773913345708947
26	50	0.0002674710542468944
27	0	0.003295142162656613
27	1	0.0037200923431236293
27	2	0.004170442959840471
27	3	0.004642581663235864
27	4	0.006547196119005986
27	5	0.046731812240054835
27	6	0.04918592468509828
27	7	0.0638327325073125
27	8	0.15155237369174943
27	9	0.15954080899862275
27	10	0.44808595518541616
27	11	0.45165874282115115
27	12	0.5115784016704455
27	13	0.6006823651931088
27	14	0.6299288800120407
27	15	0.681075217218121
27	16	0.7061952298081019
27	17	0.7144612417869256
27	18	0.7121369779090688
27	19	0.6997542697116638
27	20	0.6740116702431647
27	21	0.6340638831425669
27	22	0.5703645418899381
27	23	0.46817220629800804
27	24	0.4653430985435747
27	25	0.44931764355955356
27	26	0.34634391452440993
27	27	0.292998071186993
27	28	0.2551657263253199
27	29	0.2443980651671863
27	30	0.19150026277561258
27	31	0.13488301482721377
27	32	0.11096531109406284
27	33	0.10691629678177698
27	34	0.08161674557123226
27	35	0.056004305791780715
27	36	0.0530538252061668
27	37	0.026892778026861366
27	38	0.023413401662680064
27	39	0.02155207910876666
27	40	0.013811838550288166
27	41	0.012526237798984418
27	42	0.011311584020512952
27	43	0.01017091006047745
27	44	0.001822350053322826
27	45	0.0010549066120053188
27	46	0.0009042695314000915
27	47	0.0007578984937686823
27	48	0.0006313284455064056
27	49	0.0005226739299670906
27	50	0.0004300683548437455
28	0	0.0005068667729430126
28	1	0.0005722336421105671
28	2	0.0008542678611145088
28	3	0.013703948211448613
28	4	0.014544485328479266
28	5	0.01893417834924867
28	6	0.06622311158156165
28	7	0.07252833411614987
28	8	0.32851240867737347
28	9	0.3318564603799876
28	10	0.3348683255870746
28	11	0.39700163200609523
28	12	0.4949921630289664
28	13	0.5283351041556296
28	14	0.5883804510291839
28	15	0.5894236211748242
28	16	0.6192895203331638
28	17	0.6291532533623415
28	18	0.6263038692610552
28	19	0.611429171497821
28	20	0.5808646305159094
28	21	0.5343484058585151
28	22	0.4961964506865464
28	23	0.4607199724051187
28	24	0.3511193853889152
28	25	0.3486289103741913
28	26	0.3327605845074023
28	27	0.3295925055762994
28	28	0.20209328805088794
28	29	0.1926311476963554
28	30	0.15408395754169857
28	31	0.14179910024825967
28	32	0.11049708616384901
28	33	0.0832811279306718
28	34	0.06760253720434786
28	35	0.050295981923828344
28	36	0.048095346957767494
28	37	0.031552992329807496
28	38	0.020920657640696286
28	39	0.019637873426320465
28	40	0.006998166619663759
28	41	0.0062232234903038496
28	42	0.005660239987455241
28	43	0.0038947479539826507
28	44	0.0028974921390635777
28	45	0.002583008788616459
28	46	0.002292783860389071
28	47	0.0020264409948248558
28	48	0.00017385492518859447
28	49	0.00014372144377608703
28	50	0.00007428264309903452
29	0	0.0006342037279370227
29	1	0.003307684104559706
29	2	0.003539982436019888
29	3	0.004618788220461303
29	4	0.025304822655078475
29	5	0.02628849377428788
29	6	0.029989639212001967
29	7	0.09965138409791686
29	8	0.10169361037226288
29	9	0.14498491778683742
29	10	0.24143855198119607
29	11	0.3954100812836838
29	12	0.39717857809970186
29	13	0.4322104251312461
29	14	0.4975559173304312
29	15	0.5261585029165429
29	16	0.5317803317244763
29	17	0.5428669367845775
29	18	0.5396060090402094
29	19	0.522835725793642
29	20	0.4888115803199275
29	21	0.4381467226429507
29	22	0.4370973472263974
29	23	0.3964204772951224
29	24	0.3595799547442441
29	25	0.27800984751160623
29	26	0.2657686158594061
29	27	0.21748673740569904
29	28	0.20628266978712506
29	29	0.15387585250499447
29	30	0.1205184120416537
29	31	0.11829591311423734
29	32	0.0857661131643109
29	33	0.07539308560425659
29	34	0.058410662298439345
29	35	0.03752651453239966
29	36	0.03149015941589113
29	37	0.021033054299467054
29	38	0.020011555413614296
29	39	0.011160002139882703
29	40	0.010461675675168997
29	41	0.006675166963846004
29	42	0.006208763212380229
29	43	0.00147379714713372
29	44	0.0013263523111355612
29	45	0.0012093441257850987
29	46	0.001082502897395719
29	47	0.0006574618565626448
29	48	0.0004724046854754244
29	49	0.0004139541800445751
29	50	0.00036118022395254304
30	0	0.000709167931226418
30	1	0.0009265912475374013
30	2	0.006786230535659718
30	3	0.008834933976897734
30	4	0.010599591844528404
30	5	0.027624733134168807
30	6	0.048631317536441426
30	7	0.07528255223138869
30	8	0.1010635527813061
30	9	0.14969129436930795
30	10	0.20970904055715164
30	11	0.28320638847312596
30	12	0.342735880453156
30	13	0.41017755470112977
30	14	0.4111277187160046
30	15	0.4412581693528246
30	16	0.45869835434406675
30	17	0.45897550622528976
30	18	0.45544777517788304
30	19	0.43752498469088574
30	20	0.40166785473626204
30	21	0.40105529950538815
30	22	0.34871992898698134
30	23	0.3112384478895915
30	24	0.28705788777984703
30	25	0.26299651402867263
30	26	0.2021084600276141
30	27	0.1980010698902689
30	28	0.15434766144418158
30	29	0.14371735707482358
30	30	0.1102718055486355
30	31	0.09289120863024505
30	32	0.06933423090064819
30	33	0.049849591882826165
30	34	0.04400451640260211
30	35	0.036734310446031294
30	36	0.028287416750550687
30	37	0.015164903381246334
30	38	0.01322300157254451
30	39	0.012093707945494834
30	40	0.007401816222749013
30	41	0.006989239114713232
30	42	0.0032018277943639574
30	43	0.0029748246712271937
30	44	0.0018192057499695899
30	45	0.0016766739785221054
30	46	0.00154060052626504
30	47	0.00022329573699668401
30	48	0.00021020078584488432
30	49	0.00018591237281316054
30	50	0.00016377483950715842
31	0	0.0001650334406940579
31	1	0.0025964967812977047
31	2	0.003294207139293377
31	3	0.003435785731369064
31	4	0.010215334133384687
31	5	0.02177109077765971
31	6	0.036787622924526246
31	7	0.055594038081666394
31	8	0.08758134362651832
31	9	0.13238683224800807
31	10	0.19452260848748618
31	11	0.3125854792224112
31	12	0.2838573645062623
31	13	0.3311753138853621
31	14	0.36165272497973666
31	15	0.36773346918191024
31	16	0.3799990162018079
31	17	0.3802286168559325
31	18	0.3765915036276965
31	19	0.3620209469661962
31	20	0.3222936170836385
31	21	0.3218021098875959
31	22	0.29123904683180946
31	23	0.2717709060138136
31	24	0.23946321955306987
31	25	0.21007847423717865
31	26	0.19083095517931037
31	27	0.1413488802501373
31	28	0.13755758640077534
31	29	0.10178954429829845
31	30	0.09145098254061008
31	31	0.07617631179156814
31	32	0.053725438001075695
31	33	0.044045618942181786
31	34	0.0372583383316475
31	35	0.021465859819307775
31	36	0.020811433520036164
31	37	0.016401916513825148
31	38	0.012550305584818944
31	39	0.005496052272724931
31	40	0.0052242292665632606
31	41	0.00475855055363356
31	42	0.00243374693961497
31	43	0.0022865239315278322
31	44	0.002142794139975226
31	45	0.0007878274065198887
31	46	0.000725472440422191
31	47	0.0004234814519059243
31	48	0.0003867452939256502
31	49	0.00035211967751437676
31	50	0.00003042333273385149
32	0	0.0007032732289371865
32	1	0.0009441173134073059
32	2	0.0032716268045348915
32	3	0.008692257138902253
32	4	0.00894078792971459
32	5	0.016643404692010394
32	6	0.030322950737014718
32	7	0.04835615906487561
32	8	0.07950859968557411
32	9	0.13010375920542147
32	10	0.21623835999795277
32	11	0.20988481029551856
32	12	0.2549001456400922
32	13	0.2713543460806979
32	14	0.29234829777904087
32	15	0.3049855337976143
32	16	0.31398823629775424
32	17	0.3139120338338747
32	18	0.3111645305741334
32	19	0.2997391163196445
32	20	0.28828719200773073
32	21	0.261572969217488
32	22	0.24392673451727992
32	23	0.21094617681967934
32	24	0.18260952261774
32	25	0.1685480578969194
32	26	0.14084123541320728
32	27	0.1337289263805902
32	28	0.09510072282568048
32	29	0.09187861844708893
32	30	0.07561194225686688
32	31	0.05543258866372374
32	32	0.04592675263850528
32	33	0.03927702156164774
32	34	0.028693498478821813
32	35	0.019192802183006268
32	36	0.01870168508323357
32	37	0.009390585564355196
32	38	0.009072562299790785
32	39	0.006711191527914422
32	40	0.0051012330593218054
32	41	0.0017863717817081532
32	42	0.0016901145194301403
32	43	0.001616535260277494
32	44	0.0007113645309989228
32	45	0.0006649688048057336
32	46	0.00062003285478077
32	47	0.0005766768262410614
32	48	0.00016625075304529767
32	49	0.00009276410996946472
32	50	0.00008420150482283486
33	0	0.0002399033331963927
33	1	0.0009752747496480051
33	2	0.0032681456130367443
33	3	0.0033682386203146434
33	4	0.006971330547317288
33	5	0.014524807043598454
33	6	0.02519516027200766
33	7	0.041344259446793076
33	8	0.08365378952243592
33	9	0.10946981541846207
33	10	0.1540901991954511
33	11	0.18036572164052952
33	12	0.20007666681073422
33	13	0.22257611734174076
33	14	0.2396286175447598
33	15	0.24533111384209752
33	16	0.2540045158110035
33	17	0.2537439096002487
33	18	0.250867204115349
33	19	0.239257665689504
33	20	0.22813439272422206
33	21	0.2077006698205088
33	22	0.18964699010314184
33	23	0.1731678442848217
33	24	0.1571230592197463
33	25	0.13075721447614014
33	26	0.11127670973255177
33	27	0.09725701661503058
33	28	0.09050646313376258
33	29	0.061554361297746225
33	30	0.05900071361252455
33	31	0.045844560350946105
33	32	0.03200660244027679
33	33	0.025134203408661324
33	34	0.021857720661438183
33	35	0.01474130865290533
33	36	0.011805921764895842
33	37	0.009024989757262495
33	38	0.00876838226877974
33	39	0.0037866945893629436
33	40	0.0036457017925772563
33	41	0.0025164424365491586
33	42	0.0024071266138312197
33	43	0.0005207180512734294
33	44	0.0004903654077956834
33	45	0.0004950385312230905
33	46	0.0004654325467697775
33	47	0.00017191210622786654
33	48	0.00015948822476792194
33	49	0.00014758939511471192
33	50	0.000033163602079580264
34	0	0.001089390997786845
34	1	0.0011272018261020433
34	2	0.002631600749162413
34	3	0.0027034742187960676
34	4	0.006517551111278105
34	5	0.01238818228588711
34	6	0.022758852880373624
34	7	0.040897666884180846
34	8	0.0534057018206434
34	9	0.12842054341456202
34	10	0.11061548155102534
34	11	0.14220485652821252
34	12	0.15499113761911415
34	13	0.1770974375011173
34	14	0.18862483870676142
34	15	0.2006126321361238
34	16	0.20154707134266975
34	17	0.20126401750801032
34	18	0.19841738447223728
34	19	0.18719109701418996
34	20	0.1768149566947453
34	21	0.1593397821790336
34	22	0.15292481518158932
34	23	0.12896719222427427
34	24	0.11444007636717098
34	25	0.10741074868615397
34	26	0.09239126337526025
34	27	0.07612295543690546
34	28	0.0596663739983976
34	29	0.05915773410419258
34	30	0.0383281102250441
34	31	0.03642612484941315
34	32	0.026590189013287885
34	33	0.017604010591930952
34	34	0.017298419247521315
34	35	0.012168466129066946
34	36	0.011311838973814527
34	37	0.006965286338804261
34	38	0.004086001918517905
34	39	0.003964026290490126
34	40	0.0016322296738578374
34	41	0.0014075087507410342
34	42	0.0013503785912512764
34	43	0.0008646825581397453
34	44	0.0008240305173553972
34	45	0.000616311408433616
34	46	0.00012759489745470796
34	47	0.00013665834344110835
34	48	0.0001279153159760775
34	49	0.00003950857072390431
34	50	0.00003646886217416641
35	0	0.000356642767498122
35	1	0.0009431766627594405
35	2	0.0009706481793028336
35	3	0.0053097798745158
35	4	0.0057480850170004635
35	5	0.011930968659548772
35	6	0.012949619569302219
35	7	0.031040160630301225
35	8	0.0763834322525213
35	9	0.07688182301951357
35	10	0.09517902286575815
35	11	0.11009992150036925
35	12	0.13043120849415174
35	13	0.1391680416102319
35	14	0.149568622544278
35	15	0.15592143990118787
35	16	0.15736645821078657
35	17	0.15664606735397923
35	18	0.15395634019851936
35	19	0.14686342966346339
35	20	0.13793589669739253
35	21	0.11962188640742692
35	22	0.1131160115826874
35	23	0.1041346199047789
35	24	0.09346202436101828
35	25	0.08089108449322611
35	26	0.06380571720336002
35	27	0.05410232821597778
35	28	0.045466882458599964
35	29	0.03769516636716278
35	30	0.03734402888110994
35	31	0.022959347973541357
35	32	0.021621288821267657
35	33	0.014823501927592573
35	34	0.012097002243895587
35	35	0.009053004600745096
35	36	0.006279579499034083
35	37	0.0056706182062118155
35	38	0.0031786206188399646
35	39	0.002477885609146242
35	40	0.0016812776807945634
35	41	0.0016263267770918288
35	42	0.0005035225423584607
35	43	0.00048224212875621096
35	44	0.00046105545628888914
35	45	0.0002722756027776412
35	46	0.00025850561929211213
35	47	0.00019189782173839397
35	48	0.000029775329543999848
35	49	0.000027714435919817793
35	50	0.000031690688423244236
36	0	0.00031296743196045817
36	1	0.00032265211113623236
36	2	0.002297973318641717
36	3	0.002516888130698313
36	4	0.005956501105189659
36	5	0.006378067634574506
36	6	0.01774761517070969
36	7	0.02978657547685046
36	8	0.051975720880534475
36	9	0.06214792798334751
36	10	0.07869110908821218
36	11	0.08331794270899891
36	12	0.09917722173009193
36	13	0.1072780608094067
36	14	0.11352681042019651
36	15	0.11890237024470135
36	16	0.12024402863941433
36	17	0.11963429734216591
36	18	0.11719186457197457
36	19	0.1113708314722472
36	20	0.10346752482475807
36	21	0.0996516938989942
36	22	0.08771509301504765
36	23	0.0745986819382768
36	24	0.06633531845735799
36	25	0.055944402232838135
36	26	0.050489933711138635
36	27	0.04260554511167977
36	28	0.03268966570409257
36	29	0.026492496293398567
36	30	0.022999552420778575
36	31	0.01628344184190723
36	32	0.013230774263518976
36	33	0.012338520406663075
36	34	0.007853223915821094
36	35	0.006368340335498279
36	36	0.004513118057554322
36	37	0.0029258798466519184
36	38	0.0027080181985760076
36	39	0.001368054214535594
36	40	0.0013287431180495014
36	41	0.0006690032687028799
36	42	0.0006461923423032543
36	43	0.0006232475457430693
36	44	0.00015957784810200645
36	45	0.00015230087956390317
36	46	0.00014510220345615197
36	47	0.00007856752795192153
36	48	0.00007431543280804904
36	49	0.00005473936265251082
36	50	6.231457460985392e-6
37	0	0.00009929793861929548
37	1	0.0009378287271536889
37	2	0.001039991468015101
37	3	0.0028320240285648352
37	4	0.0029885663872332084
37	5	0.009755107505290165
37	6	0.018026149122678303
37	7	0.04161803761216678
37	8	0.03440134330136883
37	9	0.045436426473797684
37	10	0.055165810979554995
37	11	0.06644982390401036
37	12	0.07662710711274767
37	13	0.08015179732714477
37	14	0.08451839268171618
37	15	0.08896359045724495
37	16	0.09015977434337802
37	17	0.08965505023712074
37	18	0.08751437125347931
37	19	0.08272896243181196
37	20	0.07606160592309257
37	21	0.0725606868668565
37	22	0.0630610165445917
37	23	0.054539322203428706
37	24	0.048553182499393166
37	25	0.04578818193122545
37	26	0.03752609797713163
37	27	0.027824067653635015
37	28	0.027647192788256416
37	29	0.0203784908994734
37	30	0.016038126491180263
37	31	0.013552855456790126
37	32	0.008741330320085266
37	33	0.007334905708964434
37	34	0.006769513961775288
37	35	0.003979465108786142
37	36	0.003205480152729194
37	37	0.0021431781755867534
37	38	0.0020966196895207327
37	39	0.0011920499350129294
37	40	0.00118953315125954
37	41	0.0005386267707566544
37	42	0.00040723657357542544
37	43	0.00024088051560021114
37	44	0.00023198806605765894
37	45	0.00022309755940373038
37	46	0.0000466175569340863
37	47	0.000044336651972652254
37	48	0.00004209379373233093
37	49	0.00002077589684809048
37	50	0.00001957809204230301
38	0	0.0003609210121788444
38	1	0.0004055279330532567
38	2	0.001282309401308322
38	3	0.0013322274315770584
38	4	0.005154661252738963
38	5	0.010553414234270048
38	6	0.02705479027950141
38	7	0.022017398399133525
38	8	0.03015139865729596
38	9	0.037612854242568036
38	10	0.04091941704304865
38	11	0.050075816209648884
38	12	0.05523547664104204
38	13	0.061154248782827436
38	14	0.06327194243458896
38	15	0.06530872525439872
38	16	0.06633764707829219
38	17	0.06533133586621963
38	18	0.06411258931934101
38	19	0.06026638470032307
38	20	0.05493204864763282
38	21	0.051746491141254874
38	22	0.04436573819018632
38	23	0.03983352363572347
38	24	0.035573831852719055
38	25	0.030971388457144085
38	26	0.024643770467470398
38	27	0.021266571322097524
38	28	0.017557732906779446
38	29	0.013146889831684085
38	30	0.012313460946501304
38	31	0.009393165938844554
38	32	0.007712939597548102
38	33	0.003966869805146032
38	34	0.0039118966893741305
38	35	0.0035707939637752177
38	36	0.001928772371576514
38	37	0.0015426885046827133
38	38	0.0009694769605552791
38	39	0.0009473610402068144
38	40	0.00052729932623992
38	41	0.0005101253470031103
38	42	0.00020592057021222583
38	43	0.00019920015115710326
38	44	0.00014798457132649443
38	45	0.00008101334837674468
38	46	0.00007779487006400413
38	47	0.000014964232675898455
38	48	0.000012553060879749072
38	49	0.000011897250277499832
38	50	0.000011256032783649593
39	0	0.00014922339132054265
39	1	0.0005529411407334653
39	2	0.0005649831727593185
39	3	0.0026184495701693745
39	4	0.0027637686407631303
39	5	0.012797838047861788
39	6	0.013706472245066399
39	7	0.013804802632948133
39	8	0.019621977789540255
39	9	0.025167810582662844
39	10	0.040332018094884375
39	11	0.03553661491759639
39	12	0.040164675846619695
39	13	0.044116480997301324
39	14	0.04697152369862852
39	15	0.047704603738428226
39	16	0.047896663432119936
39	17	0.047132267440956686
39	18	0.046077539981158835
39	19	0.04305505495862417
39	20	0.040595823566283704
39	21	0.03614292100390337
39	22	0.030544608459135158
39	23	0.03047132622961171
39	24	0.025286833145578287
39	25	0.020942296073297315
39	26	0.016699624437784274
39	27	0.015686937882816616
39	28	0.01184835808414867
39	29	0.010766998159878624
39	30	0.007342627260803793
39	31	0.005842995642412858
39	32	0.004289339160495281
39	33	0.004239227812442491
39	34	0.0020370868165198487
39	35	0.002007075845471649
39	36	0.0018108604960818291
39	37	0.0008941632285788989
39	38	0.0008794777154853865
39	39	0.0004177479599822854
39	40	0.00040776412300941523
39	41	0.00020917495238841166
39	42	0.00019117481291306988
39	43	0.00020176382267662023
39	44	0.00007172717981117531
39	45	0.00005240786464420408
39	46	0.00002654198448205617
39	47	0.00002545030379113561
39	48	0.000024367880319195397
39	49	3.1657162884990153e-6
39	50	3.1158244423049715e-6
40	0	0.00022706759875989538
40	1	0.00022794723650172778
40	2	0.0008888024812075008
40	3	0.0012964386687465072
40	4	0.0033105397824296037
40	5	0.0071409335739069735
40	6	0.008364395363625921
40	7	0.012381039930233836
40	8	0.016369648257778972
40	9	0.01836029125932685
40	10	0.023795775914724242
40	11	0.026937197177457985
40	12	0.028440478017926284
40	13	0.030991186818468873
40	14	0.033194626210410055
40	15	0.0337966032333744
40	16	0.033733479840573996
40	17	0.033365134219266165
40	18	0.032487573830427316
40	19	0.03016508843111296
40	20	0.028163201466574143
40	21	0.024724550917404033
40	22	0.02426631807823949
40	23	0.02052949719720374
40	24	0.016663394945320806
40	25	0.01543894282593628
40	26	0.013125831223518543
40	27	0.009782045780100595
40	28	0.008026491923623083
40	29	0.006466031880236885
40	30	0.004399035377130758
40	31	0.004134279281552754
40	32	0.003216215748528598
40	33	0.002278669262115489
40	34	0.002250252656726332
40	35	0.001006363079441357
40	36	0.0009906580157618145
40	37	0.0008829133763454368
40	38	0.00039648995598413894
40	39	0.00039051199216320176
40	40	0.0003054253046534848
40	41	0.00016718608722414966
40	42	0.0000786769415744529
40	43	0.00007161364418989005
40	44	0.00007794253383856039
40	45	0.000024358062356454716
40	46	0.00002346847561173867
40	47	0.000016817880889940135
40	48	7.811255656768018e-6
40	49	7.468112248569916e-6
40	50	7.129614107513755e-6
41	0	0.00008749330594811211
41	1	0.00008923601503152642
41	2	0.0006091725362778963
41	3	0.0017560683768598226
41	4	0.0063878701474074035
41	5	0.004929558146047557
41	6	0.007317985769286525
41	7	0.007665792854050015
41	8	0.010454741483661175
41	9	0.01968622826823737
41	10	0.016116437238702045
41	11	0.018278322679680256
41	12	0.019361946933107523
41	13	0.021353565599889678
41	14	0.023016433655839764
41	15	0.023495359694946774
41	16	0.02343101280216861
41	17	0.02317635675248751
41	18	0.022471253634147696
41	19	0.020726048217249673
41	20	0.01915047617202533
41	21	0.018129929762368435
41	22	0.0165350417730016
41	23	0.013535221729394387
41	24	0.011422647829367881
41	25	0.0098380905181067
41	26	0.008260009604221283
41	27	0.006325438125222955
41	28	0.005909013253313918
41	29	0.0046923501744077015
41	30	0.0037471866677716726
41	31	0.002418493694346568
41	32	0.0022764499354236186
41	33	0.001565786237825035
41	34	0.0011690952669144363
41	35	0.0011535953909595914
41	36	0.00047828131939638423
41	37	0.0004703999831092136
41	38	0.00041387014333252434
41	39	0.00016816171528097538
41	40	0.00016587468251113324
41	41	0.00012835089656529906
41	42	0.00006529634714799536
41	43	0.00006352336545583983
41	44	0.00002719228472782776
41	45	0.00002859420543335585
41	46	0.000027671369320590484
41	47	7.506304155061827e-6
41	48	5.28117214025537e-6
41	49	2.2492338153953564e-6
41	50	2.147285499680394e-6
42	0	0.00003262258927964645
42	1	0.00027517227121692247
42	2	0.0009011387707564162
42	3	0.002493921119092482
42	4	0.0028258592384989394
42	5	0.0028497461564173238
42	6	0.004599201875841161
42	7	0.006486864648139756
42	8	0.0075264282032019595
42	9	0.010397209027613983
42	10	0.010535742819581629
42	11	0.012542516086165722
42	12	0.01428332423231064
42	13	0.01443103399277536
42	14	0.015658328327968412
42	15	0.01608025397404382
42	16	0.01596972965942637
42	17	0.015797021402392895
42	18	0.015248227088628885
42	19	0.01396560813785772
42	20	0.012763624582491449
42	21	0.012048442761673009
42	22	0.010850158999892402
42	23	0.008732780456286518
42	24	0.007204606444784223
42	25	0.0067321443457608095
42	26	0.005254671221444979
42	27	0.005049440270129854
42	28	0.0034988413092539145
42	29	0.0027144990176426547
42	30	0.0021280132925032332
42	31	0.0021103340101604226
42	32	0.0012226824702027536
42	33	0.00121496277870983
42	34	0.0008039526415908847
42	35	0.0005792902411380807
42	36	0.0005711542898903944
42	37	0.00021867327429395556
42	38	0.00021487921217307855
42	39	0.0001865189652455059
42	40	0.0000682184144994779
42	41	0.00006740033082613936
42	42	0.00005157166125831707
42	43	0.000024292671061678536
42	44	0.00002360676779780098
42	45	9.183848254990312e-6
42	46	8.276609859951117e-6
42	47	9.629256219523265e-6
42	48	2.264291444747063e-6
42	49	2.1728346604304407e-6
42	50	1.4966156236302626e-6
43	0	0.00011949370718241472
43	1	0.00012885887415042417
43	2	0.0013616476675731392
43	3	0.001269660954141096
43	4	0.0015899862498779981
43	5	0.0026807919286901227
43	6	0.0027092374261402244
43	7	0.003954336214322542
43	8	0.0046706064483536085
43	9	0.006674398090818751
43	10	0.007895179790997936
43	11	0.008414607709960073
43	12	0.009542931529224308
43	13	0.0104319043368651
43	14	0.010451770709065772
43	15	0.010765393279473373
43	16	0.01068023117094599
43	17	0.010565328235416014
43	18	0.010150640060744247
43	19	0.009228575003934108
43	20	0.008338066529390967
43	21	0.007846941037783363
43	22	0.006973161596902635
43	23	0.005513657884079232
43	24	0.005497639470672127
43	25	0.004142298883743908
43	26	0.003708070965146711
43	27	0.0030282701565730436
43	28	0.002018795882769725
43	29	0.002005689818130736
43	30	0.0015091535369254469
43	31	0.001165421723427602
43	32	0.0006725073709053893
43	33	0.0006356221382014047
43	34	0.0004458643115140407
43	35	0.00039935218921276943
43	36	0.0002772172328770102
43	37	0.00027310589578781447
43	38	0.000096181503835118
43	39	0.00009442893130864225
43	40	0.00008081552461926752
43	41	0.000026470105295293124
43	42	0.000026198724375236655
43	43	0.00001981260859072007
43	44	8.609130349558272e-6
43	45	8.356745731811197e-6
43	46	2.9409593884600883e-6
43	47	2.6383949973892777e-6
43	48	3.182197461420968e-6
43	49	6.441742847531764e-7
43	50	6.173268158450596e-7
44	0	0.000050713754553196496
44	1	0.00021767418921714171
44	2	0.0011897326439417378
44	3	0.0008628785058101688
44	4	0.0008707247169624725
44	5	0.001545551597950076
44	6	0.0023405760503450663
44	7	0.0028187561591884428
44	8	0.003907969867262918
44	9	0.004210531193169266
44	10	0.005043060957748598
44	11	0.005403221508539614
44	12	0.006204382371178936
44	13	0.006831958017148806
44	14	0.006844968702105748
44	15	0.007072367927749376
44	16	0.00700299911632708
44	17	0.006933755596892767
44	18	0.006629023098277445
44	19	0.005997668678074356
44	20	0.005338922047588781
44	21	0.0050084637306607345
44	22	0.004389208162968992
44	23	0.0034066474708621284
44	24	0.003396750395514362
44	25	0.002667339334706572
44	26	0.0022025999985527873
44	27	0.0018240045350384634
44	28	0.0017632339782575478
44	29	0.001127692827913645
44	30	0.0008226009832669553
44	31	0.0007367955307858858
44	32	0.0006202549871832665
44	33	0.0003368075064017125
44	34	0.00031893889299185673
44	35	0.00021531461072745936
44	36	0.00013005021850678384
44	37	0.0001281214773486102
44	38	0.0001261207109430529
44	39	0.00004069780479985765
44	40	0.00003992080702191803
44	41	0.000033665067895900135
44	42	9.824020740499256e-6
44	43	9.579512723928028e-6
44	44	7.277639219854214e-6
44	45	2.906303252815138e-6
44	46	2.817964248213767e-6
44	47	2.7292710960638066e-6
44	48	8.611841158962718e-7
44	49	7.679362867015216e-7
44	50	9.619036460406255e-7
45	0	0.00010120681880207883
45	1	0.00037670517242412475
45	2	0.00034948742831581836
45	3	0.0004599194918247243
45	4	0.0008595055396355755
45	5	0.0009688105525302432
45	6	0.001361840726367533
45	7	0.0016723831755021032
45	8	0.002571892534508976
45	9	0.0031447074868158342
45	10	0.003266871977897842
45	11	0.003911819454871223
45	12	0.0039564907367244054
45	13	0.004389993697424793
45	14	0.004398353939805798
45	15	0.004559295509212641
45	16	0.004510928175287781
45	17	0.00424654608670713
45	18	0.004247052835182217
45	19	0.003806583378121688
45	20	0.0033507242846954033
45	21	0.0031328770424155607
45	22	0.002705860780860669
45	23	0.0026996191284428318
45	24	0.0020537667530029745
45	25	0.0015713157664586264
45	26	0.0014582654558421102
45	27	0.0012719577248891526
45	28	0.0010077642881150095
45	29	0.0006178410365784562
45	30	0.0006134576605799293
45	31	0.0004327747514017194
45	32	0.00032391270388507147
45	33	0.0003208010669147522
45	34	0.0001539788808806642
45	35	0.0001551181180755291
45	36	0.0000905018495822525
45	37	0.00005809474915362821
45	38	0.00005718753184040918
45	39	0.00005624960103344919
45	40	0.00001656662232987552
45	41	0.000016235927966173734
45	42	0.000013482706851165972
45	43	3.4874053295555448e-6
45	44	3.3971446250919226e-6
45	45	2.55598151239423e-6
45	46	9.345880058431737e-7
45	47	9.051726020628314e-7
45	48	8.757078510267347e-7
45	49	2.4762902567802273e-7
45	50	2.197439916423219e-7
46	0	0.00018885033275081324
46	1	0.0001747840437667251
46	2	0.00023629354021974247
46	3	0.00023859351828337308
46	4	0.00046985108207483746
46	5	0.000768958867421351
46	6	0.000964462445337587
46	7	0.0014382630999044872
46	8	0.001546404833093727
46	9	0.001929351189516375
46	10	0.0020853298298116984
46	11	0.0024676412903073507
46	12	0.0024746660596408846
46	13	0.0027677044962725406
46	14	0.0028697465368325297
46	15	0.0028842213496809684
46	16	0.0028512191609805057
46	17	0.0026690456427916763
46	18	0.0026693641451184607
46	19	0.0023691606576469984
46	20	0.00236348431999144
46	21	0.0020585568214820478
46	22	0.0016337572918533618
46	23	0.0016299886777313873
46	24	0.001215174672834252
46	25	0.0012110297058991546
46	26	0.0008378061969136221
46	27	0.0007209799204577847
46	28	0.0005622853944025439
46	29	0.0005588907690597625
46	30	0.0003275136535715525
46	31	0.0003249927985307187
46	32	0.00022615766075120256
46	33	0.0001629132558565013
46	34	0.0000778308027296252
46	35	0.00007405759962529461
46	36	0.0000731247086757085
46	37	0.00004073756670505774
46	38	0.000025063422616287442
46	39	0.000024652358255872688
46	40	7.541950841105551e-6
46	41	6.487547117246026e-6
46	42	6.3524094834696655e-6
46	43	5.19143700255028e-6
46	44	5.072425034739707e-6
46	45	1.152296408835891e-6
46	46	1.1463419256425686e-6
46	47	8.333378266393665e-7
46	48	2.7696503908125135e-7
46	49	2.6765135194469444e-7
46	50	6.751377854417014e-8
47	0	0.0001747930127320005
47	1	0.00011808397732248672
47	2	0.00011930903560449263
47	3	0.0002484485416266505
47	4	0.0002833079551338651
47	5	0.00042704287026830776
47	6	0.0005470884338713744
47	7	0.0009112522218725537
47	8	0.0009101851038436844
47	9	0.001160090149761064
47	10	0.0012591160525906562
47	11	0.0015138516826392007
47	12	0.0015497411942615917
47	13	0.0017120350693888198
47	14	0.001781272207334619
47	15	0.0017904301499074321
47	16	0.001768390356550074
47	17	0.0016457284876475141
47	18	0.001645924875578906
47	19	0.0014459722774286588
47	20	0.001444560418232472
47	21	0.001241199956429089
47	22	0.0009661230665586675
47	23	0.0009638944950013415
47	24	0.0007036009302829293
47	25	0.00070120094396267
47	26	0.000507204586233574
47	27	0.0003992133991673267
47	28	0.0003092024599579824
47	29	0.00030442029000055484
47	30	0.00017038568677574354
47	31	0.0001690742372752093
47	32	0.00011120543799146043
47	33	0.00008045257432735837
47	34	0.00007962753071467705
47	35	0.00003550859033703594
47	36	0.00003386322171272385
47	37	0.000020202104980181968
47	38	0.000017740273961642417
47	39	0.000010442910966674676
47	40	0.000010263448073165119
47	41	3.342204512746726e-6
47	42	2.4440531399428264e-6
47	43	2.3910211683536636e-6
47	44	1.9218123666176443e-6
47	45	1.876063998120471e-6
47	46	3.7384703014365515e-7
47	47	3.727656013788627e-7
47	48	2.6728752998267356e-7
47	49	8.072650208620629e-8
47	50	7.79250823919241e-8
48	0	0.00004058423575888133
48	1	0.000058030607829305705
48	2	0.00013315391072874744
48	3	0.00012921491358236693
48	4	0.00023002545269252417
48	5	0.0003014896192022384
48	6	0.0008774832308427037
48	7	0.0005270244587166695
48	8	0.0006806453823865258
48	9	0.0007097192963009633
48	10	0.0008995991229149911
48	11	0.0009109184067618577
48	12	0.0010366275124969629
48	13	0.00103906498151964
48	14	0.0010849590019409053
48	15	0.0010906467952136328
48	16	0.0010762384980487207
48	17	0.000995502604145053
48	18	0.0009956213993768238
48	19	0.0008654295307414934
48	20	0.0008672334739194224
48	21	0.0007335294145491873
48	22	0.000678110608250561
48	23	0.0005582609282907012
48	24	0.00039867059697801504
48	25	0.00039731072956190444
48	26	0.0002790680350024425
48	27	0.00025700640665262813
48	28	0.00021478211854370578
48	29	0.00016187100920897466
48	30	0.00016080302350547494
48	31	0.00008571168240769916
48	32	0.00008500037305535499
48	33	0.000055661153690674385
48	34	0.000038239277059308416
48	35	0.00003782234541327521
48	36	0.000014665399625455973
48	37	0.000015008368824077222
48	38	8.559109670079284e-6
48	39	7.474001283845963e-6
48	40	4.202236351305715e-6
48	41	4.126727671765862e-6
48	42	1.2324405924384538e-6
48	43	8.857768580876469e-7
48	44	8.657887188507794e-7
48	45	6.839861033520019e-7
48	46	6.671024881824968e-7
48	47	1.160120806744676e-7
48	48	1.1595612021907297e-7
48	49	8.196994118828163e-8
48	50	2.2413255813687456e-8
49	0	0.00002745427592065397
49	1	0.00002775670610296195
49	2	0.00006496806181440771
49	3	0.00007501366879513842
49	4	0.00012192957643812467
49	5	0.00016350781131602862
49	6	0.0002968721472281919
49	7	0.0002945742468519721
49	8	0.0003930974203002301
49	9	0.0004316334292764651
49	10	0.0005308008401281509
49	11	0.0005376138871518118
49	12	0.0006172909326616634
49	13	0.0006187423966718342
49	14	0.000648474118786398
49	15	0.0006519417926620293
49	16	0.0006427199142853971
49	17	0.0005907566803063765
49	18	0.0005908271764321169
49	19	0.0005079368758181431
49	20	0.0005097996179393583
49	21	0.00042490339916344505
49	22	0.0003912713499876907
49	23	0.00031667063148274475
49	24	0.0003206927227587742
49	25	0.0002203018786579004
49	26	0.0002194390599338068
49	27	0.00013787003867454393
49	28	0.00011348617447498573
49	29	0.00008694963392269468
49	30	0.00008347155608325837
49	31	0.000042341036602314976
49	32	0.000041989654218057075
49	33	0.00002560505741429606
49	34	0.000023069674501297462
49	35	0.00001766272812363763
49	36	6.819002309323629e-6
49	37	6.539004868081952e-6
49	38	6.447410030194904e-6
49	39	3.0969100003316674e-6
49	40	1.6629980583506604e-6
49	41	1.6331161628631823e-6
49	42	1.602492599981294e-6
49	43	3.15961369802452e-7
49	44	3.088314930220622e-7
49	45	2.4231551996753457e-7
49	46	2.3404343944170662e-7
49	47	2.2806065679368378e-7
49	48	3.4434362837179643e-8
49	49	3.4505451677500704e-8
49	50	2.4035262691593184e-8
50	0	0.000012781018463245157
50	1	0.00003184314170654984
50	2	0.0000321470213564605
50	3	0.00006265289030466072
50	4	0.00008610306935635043
50	5	0.0003035299621858011
50	6	0.00016467981107672077
50	7	0.0001627974299658687
50	8	0.00022249943094331727
50	9	0.0002450123589758519
50	10	0.00031018780647627635
50	11	0.00031121199654297893
50	12	0.0003606568449322096
50	13	0.00036150487363754573
50	14	0.00038185945301242555
50	15	0.00038241196036855593
50	16	0.00037663253903845976
50	17	0.00034391958623288237
50	18	0.00034396062681558564
50	19	0.00029234391974999814
50	20	0.00029389650746367756
50	21	0.00024124580301456935
50	22	0.00022125354222275314
50	23	0.000175930510969233
50	24	0.00017543908838046739
50	25	0.00011953806279766143
50	26	0.00011906988849314784
50	27	0.00007853829963322955
50	28	0.000058575936231017606
50	29	0.000058231837054542574
50	30	0.000042299148942494856
50	31	0.000022321369533965932
50	32	0.00002021262172520906
50	33	0.0000200327210884693
50	34	0.000011730917355707078
50	35	8.021027666339282e-6
50	36	7.928376731156671e-6
50	37	2.8340007955787356e-6
50	38	2.7247112087043315e-6
50	39	2.684625211600408e-6
50	40	1.2220974806997628e-6
50	41	6.246725538741299e-7
50	42	6.129589356581324e-7
50	43	6.009854490009146e-7
50	44	1.0607181227978528e-7
50	45	1.0358631850282385e-7
50	46	7.981827680939925e-8
50	47	7.777860585349801e-8
50	48	7.495853326760921e-8
50	49	9.77598307921285e-9
50	50	9.82240759026004e-9
